30:30 80:70,0
0.0 3.9983453109321387 0.0 10.0 20.0
0.05 4.100501199491776 0.11920974200821013 10.11206451395126 20.302104699291963
0.05 3.997802133862968 0.01920974200821013 10.012064513951259 20.20210469929196
0.1 4.099346401087183 0.1381884155480615 10.127982504497552 20.50390184789888
0.1 3.9975465207168934 0.03818841554806149 10.027982504497555 20.40390184789888
0.15 4.098800606394913 0.1569359503888787 10.147702111948536 20.705343864526547
0.15 3.9974264925656104 0.05693595038887868 10.047702111948539 20.605343864526546
0.2 4.0985423756935795 0.17545336380782495 10.171170392339278 20.906374616100063
0.2 3.9973705597217957 0.07545336380782496 10.071170392339276 20.80637461610006
0.25 4.098419730054876 0.19374215538833056 10.198333493589463 21.106935305513172
0.25 3.9973448446348714 0.09374215538833057 10.098333493589465 21.00693530551317
0.3 4.098361179791478 0.2118040206978013 10.229136841628222 21.30696728182297
0.3 3.9973334075061135 0.11180402069780128 10.12913684162822 21.20696728182297
0.35 4.098332847352806 0.22964072296535232 10.263525287230124 21.506413302866957
0.35 3.9973287054033957 0.12964072296535228 10.163525287230122 21.406413302866955
0.4 4.098318792940133 0.24725403319906464 10.301443226869402 21.705218127972135
0.4 3.9973271755145423 0.14725403319906466 10.2014432268694 21.605218127972133
0.45 4.098311473621331 0.26464570453020436 10.342834701060482 21.9033287555157
0.45 3.997327135020197 0.16464570453020438 10.242834701060485 21.8033287555157
0.5 4.098307326584225 0.2818174618139472 10.38764347922324 22.100694497999495
0.5 3.997327809176566 0.18181746181394715 10.287643479223242 22.000694497999493
0.55 4.098304669009454 0.29877099779399985 10.435813129353033 22.297267021595882
0.55 3.997328816171095 0.19877099779399987 10.335813129353031 22.19726702159588
0.6 4.098302726153224 0.315507972748558 10.487287086302125 22.49300031678338
0.6 3.9973299849079234 0.21550797274855804 10.387287086302127 22.39300031678338
0.65 4.098301116202978 0.33203001597040066 10.542008712170539 22.68785065004398
0.65 3.997331228188503 0.23203001597040068 10.44200871217054 22.58785065004398
0.7 4.098299668062855 0.34833872698168983 10.599921353616374 22.88177655327555
0.7 3.9973325061276346 0.24833872698168985 10.499921353616376 22.78177655327555
0.75 4.098298294534304 0.3644356778121773 10.660968396617431 23.07473876013126
0.75 3.9973338004160337 0.2644356778121773 10.56096839661743 22.97473876013126
0.8 4.098296955732123 0.3803224153039961 10.725093316430844 23.26670013150649
0.8 3.997335101902791 0.2803224153039961 10.625093316430846 23.166700131506488
0.85 4.098295633347029 0.3960004630368981 10.792239726099073 23.457625607685944
0.85 3.9973364073875706 0.29600046303689814 10.692239726099071 23.357625607685943
0.9 4.098294318228108 0.411471322051882 10.862351427247525 23.64748226082259
0.9 3.9973377149466662 0.31147132205188205 10.762351427247527 23.547482260822587
0.95 4.098293007175023 0.42673647405651294 10.935372449741525 23.83623913479726
0.95 3.997339022204649 0.32673647405651296 10.835372449741527 23.73623913479726
1.0 4.098291698264067 0.4417973831151709 11.011247091325785 24.023867190041827
1.0 3.997340329610524 0.34179738311517094 10.911247091325787 23.923867190041825
1.05 4.098290389119808 0.45665549673240063 11.08991995999435 24.210339302686
1.05 3.9973416377607887 0.35665549673240066 10.98991995999435 24.110339302685997
1.1 4.098289080344047 0.4713122475955645 11.171336009829098 24.395630198715903
1.1 3.9973429459776173 0.3713122475955645 11.071336009829096 24.2956301987159
1.15 4.098287772227686 0.4857690550165409 11.255440575878854 24.57971640452526
1.15 3.9973442536462707 0.3857690550165409 11.155440575878856 24.47971640452526
1.2 4.098286464092897 0.5000273263172426 11.342179406826382 24.762576197474157
1.2 3.9973455616948286 0.4000273263172425 11.24217940682638 24.662576197474156
1.25 4.098285155731598 0.514088458117425 11.43149869571409 24.944189556974578
1.25 3.997346869810551 0.41408845811742495 11.331498695714089 24.844189556974577
1.3 4.098283847905416 0.5279538375301963 11.523345108800584 25.124538116102382
1.3 3.997348177754773 0.4279538375301963 11.423345108800582 25.02453811610238
1.35 4.098282539924658 0.5416248432976009 11.617665812424644 25.303605113417174
1.35 3.997349485656362 0.4416248432976008 11.517665812424646 25.203605113417172
1.4 4.098281231752787 0.5551028468510296 11.714408498035048 25.481375345243052
1.4 3.9973507935693235 0.4551028468510296 11.614408498035047 25.38137534524305
1.45 4.098279923988817 0.5683892132868918 11.813521405533177 25.65783511859998
1.45 3.997352101567049 0.4683892132868918 11.713521405533175 25.55783511859998
1.5 4.098278616109751 0.581485302281223 11.914953344847834 25.832972204557375
1.5 3.9973534092973138 0.48148530228122294 11.814953344847837 25.732972204557374
1.55 4.098277308188982 0.5943924689443353 12.018653715799207 26.006775792056175
1.55 3.9973547171085877 0.49439246894433525 11.918653715799206 25.906775792056173
1.6 4.098276000384949 0.6071120646030667 12.1245725264192 26.179236442418727
1.6 3.997356025008111 0.5071120646030666 12.024572526419202 26.079236442418726
1.65 4.098274692630931 0.6196454375228075 12.232660409717116 26.35034604445229
1.65 3.997357332664788 0.5196454375228075 12.132660409717115 26.25034604445229
1.7 4.098273384887445 0.6319939335784099 12.342868638887637 26.520097770084394
1.7 3.9973586403743813 0.5319939335784098 12.24286863888764 26.420097770084393
1.75 4.098272077109645 0.6441588968656091 12.455149141100186 26.688486030691674
1.75 3.997359948092046 0.544158896865609 12.355149141100188 26.588486030691673
1.8 4.098270769498232 0.6561416702562998 12.569454509920167 26.85550643413268
1.8 3.997361255729377 0.5561416702562997 12.469454509920165 26.755506434132677
1.85 4.098269461856421 0.667943595907969 12.685738016343926 27.02115574239926
1.85 3.9973625633241037 0.567943595907969 12.585738016343925 26.921155742399257
1.9 4.09826815417973 0.6795660157246325 12.803953618539506 27.18543182996802
1.9 3.997363870898136 0.5795660157246324 12.703953618539508 27.08543182996802
1.95 4.098266846654369 0.6910102717681403 12.924055970378134 27.348333642913342
1.95 3.997365178476055 0.5910102717681402 12.824055970378136 27.24833364291334
2.0 4.098265539114225 0.7022777066261123 13.046000428723456 27.509861158923623
2.0 3.9973664859467926 0.6022777066261122 12.946000428723458 27.409861158923622
2.05 4.098264231583878 0.7133696637493874 13.169743059734849 27.670015346830667
2.05 3.9973677934191634 0.6133696637493873 13.06974305973485 27.570015346830665
2.1 4.09826292411963 0.7242874877150447 13.295240643505057 27.828798131156635
2.1 3.9973691008865373 0.6242874877150446 13.195240643505056 27.728798131156633
2.15 4.098261616681144 0.735032524518387 13.422450678856343 27.98621234864961
2.15 3.9973704082527743 0.6350325245183869 13.322450678856342 27.886212348649607
2.2 4.098260309261791 0.7456061217580117 13.551331385827211 28.142261714873257
2.2 3.9973717156234914 0.6456061217580116 13.451331385827213 28.042261714873256
2.25 4.098259001920629 0.7560096288157823 13.681841707694268 28.296950788111364
2.25 3.997373023028242 0.6560096288157822 13.581841707694267 28.196950788111362
2.3 4.0982576946349525 0.7662443970132732 13.813941312269638 28.450284932555892
2.3 3.9973743303543694 0.6662443970132731 13.71394131226964 28.35028493255589
2.35 4.098256387332 0.7763117797351388 13.947590592304476 28.60227028359549
2.35 3.99737563757079 0.6763117797351387 13.847590592304478 28.50227028359549
2.4 4.0982550800349475 0.7862131325166157 14.082750664876972 28.752913713872914
2.4 3.9973769447931393 0.6862131325166156 13.982750664876974 28.652913713872913
2.45 4.098253772747107 0.7959498131044443 14.219383370015418 28.902222800097586
2.45 3.9973782519944505 0.6959498131044443 14.11938337001542 28.802222800097585
2.5 4.0982524655511074 0.8055231814951106 14.357451268641515 29.050205790595548
2.5 3.997379559180037 0.7055231814951105 14.257451268641514 28.950205790595547
2.55 4.098251158391809 0.8149345999510894 14.4969176398446 29.196871573610355
2.55 3.9973808663109542 0.7149345999510893 14.396917639844599 29.096871573610354
2.6 4.098249851258254 0.8241854329941639 14.637746477476252 29.342229646404405
2.6 3.9973821734012405 0.7241854329941638 14.53774647747625 29.242229646404404
2.65 4.098248544147803 0.8332770473766794 14.77990248609731 29.486290085172318
2.65 3.997383480467043 0.7332770473766793 14.679902486097308 29.386290085172316
2.7 4.098247237075491 0.8422108120332183 14.923351076336765 29.62906351574186
2.7 3.9973847875018547 0.7422108120332183 14.823351076336767 29.529063515741857
2.75 4.098245930049806 0.8509880980148252 15.06805835971149 29.770561085041155
2.75 3.9973860945061515 0.7509880980148251 14.968058359711488 29.670561085041154
2.8 4.098244623051943 0.8596102784067805 15.213991142936525 29.910794433331116
2.8 3.9973874014668747 0.7596102784067804 15.113991142936523 29.810794433331115
2.85 4.098243316087762 0.8680787282305744 15.361116921751456 30.049775667207562
2.85 3.9973887083959116 0.7680787282305743 15.261116921751455 29.94977566720756
2.9 4.0982420091538065 0.8763948243311795 15.509403874294893 30.18751733336844
2.9 3.9973900152923485 0.7763948243311795 15.409403874294895 30.08751733336844
2.95 4.09824070225784 0.8845599452510453 15.658820854063016 30.324032393133695
2.95 3.997391322156657 0.7845599452510452 15.558820854063015 30.224032393133694
3.0 4.098239395396566 0.8925754710920485 15.809337382485221 30.459334197706628
3.0 3.99739262898602 0.7925754710920484 15.70933738248522 30.359334197706627
3.05 4.098238088567869 0.9004427833663219 15.960923641145875 30.59343646416939
3.05 3.9973939357798898 0.8004427833663218 15.860923641145877 30.49343646416939
3.1 4.098236781772417 0.9081632648368101 16.113550463679356 30.726353252205435
3.1 3.9973952425408497 0.80816326483681 16.013550463679355 30.626353252205433
3.15 4.098235475010563 0.9157382993485136 16.26718932736616 30.858098941539126
3.15 3.9973965492680077 0.8157382993485135 16.16718932736616 30.758098941539124
3.2 4.098234168284055 0.9231692716513978 16.421812344457706 30.98868821008103
3.2 3.9973978559618186 0.8231692716513977 16.321812344457705 30.88868821008103
3.25 4.098232861590973 0.9304575672158498 16.57739225325576 31.118136012767536
3.25 3.9973991626210275 0.8304575672158497 16.477392253255758 31.018136012767535
3.3 4.098231554931612 0.937604572041452 16.733902408971414 31.246457561084334
3.3 3.9974004692463443 0.8376045720414519 16.633902408971412 31.146457561084333
3.35 4.098230248305817 0.9446116724598258 16.89131677438654 31.373668303262193
3.35 3.997401775837978 0.8446116724598257 16.791316774386537 31.27366830326219
3.4 4.098228941714122 0.9514802549323014 17.04960991034115 31.49978390513351
3.4 3.9974030823958686 0.8514802549323013 16.94960991034115 31.399783905133507
3.45 4.098227635156495 0.9582117058431308 17.208756966068428 31.624820231637145
3.45 3.997404388919896 0.8582117058431307 17.108756966068427 31.524820231637143
3.5 4.0982263286325855 0.9648074112889049 17.36873366939821 31.74879332895901
3.5 3.9974056954098516 0.8648074112889048 17.26873366939821 31.64879332895901
3.55 4.098225022142513 0.9712687568647962 17.52951631684891 31.871719407295966
3.55 3.9974070018660255 0.8712687568647961 17.429516316848908 31.771719407295965
3.6 4.098223715686232 0.9775971274482187 17.69108176362689 31.993614824230363
3.6 3.9974083082883545 0.8775971274482186 17.59108176362689 31.89361482423036
3.65 4.098222409263938 0.9837939069804705 17.85340741355143 32.11449606870228
3.65 3.997409614676875 0.8837939069804704 17.75340741355143 32.014496068702286
3.7 4.098221102875492 0.9898604782468978 18.016471208922546 32.2343797455665
3.7 3.997410921031491 0.8898604782468977 17.916471208922545 32.134379745566505
3.75 4.098219796520878 0.9957982226560721 18.180251620348095 32.35328256072091
3.75 3.9974122273522266 0.895798222656072 18.080251620348093 32.25328256072092
3.8 4.0982184902001 1.0016085200184544 18.34472763654561 32.471221306793424
3.8 3.997413533639128 0.9016085200184544 18.24472763654561 32.371221306793416
3.85 4.098217183913183 1.0072927483249856 18.509878754133663 32.58821284937402
3.85 3.9974148398921807 0.9072927483249856 18.40987875413366 32.48821284937402
3.9 4.098215877660151 1.0128522835260174 18.67568496742668 32.70427411377891
3.9 3.9974161461113877 0.9128522835260174 18.575684967426678 32.604274113778914
3.95 4.09821457144096 1.0182884993109755 18.84212675824636 32.81942207233348
3.95 3.99741745229672 0.9182884993109756 18.742126758246357 32.71942207233349
4.0 4.09821326525562 1.0236027668891117 19.009185085762063 32.933673732160955
4.0 3.997418758448204 0.9236027668891116 18.90918508576206 32.833673732160946
4.05 4.098211959104124 1.0287964547716866 19.1768413763719 33.047046123463616
4.05 3.99742006456584 0.9287964547716865 19.0768413763719 32.94704612346361
4.1 4.098210652986488 1.033870928555895 19.34507751363542 33.15955628828378
4.1 3.9974213706496298 0.9338709285558949 19.24507751363542 33.05955628828377
4.15 4.098209346902705 1.0388275507108253 19.51387582826819 33.27122126973134
4.15 3.99742267669957 0.9388275507108252 19.41387582826819 33.17122126973133
4.2 4.09820804085277 1.043667680365723 19.683219088207846 33.38205810166524
4.2 3.997423982715655 0.943667680365723 19.583219088207844 33.28205810166523
4.25 4.0982067348366815 1.0483926731008102 19.853090488760675 33.49208379881621
4.25 3.997425288697895 0.9483926731008102 19.753090488760673 33.3920837988162
4.3 4.098205428854438 1.0530038807408846 20.023473642836848 33.6013153473382
4.3 3.9974265946462886 0.9530038807408845 19.923473642836846 33.50131534733819
4.35 4.098204122906047 1.0575026511519134 20.194352571282373 33.70976969577609
4.35 3.9974279005608375 0.9575026511519134 20.09435257128237 33.609769695776095
4.4 4.0982028169915 1.0618903280408132 20.365711693314623 33.817463746437596
4.4 3.9974292064415398 0.9618903280408131 20.26571169331462 33.71746374643759
4.45 4.098201511110798 1.0661682507585877 20.537535817068168 33.92441434715707
4.45 3.9974305122883966 0.9661682507585876 20.437535817068166 33.824414347157074
4.5 4.0982002052639395 1.0703377541069874 20.70981013025704 34.03063828343973
4.5 3.9974318181014112 0.9703377541069873 20.60981013025704 33.93063828343972
4.55 4.098198899450924 1.0744001681488282 20.882520190958925 34.13615227097422
4.55 3.997433123880583 0.9744001681488281 20.782520190958923 34.03615227097423
4.6 4.0981975936717525 1.0783568180221008 21.055651918526387 34.24097294850252
4.6 3.997434429625913 0.9783568180221007 20.955651918526385 34.14097294850251
4.65 4.098196287926422 1.0822090237579831 21.229191584629746 34.3451168710354
4.65 3.997435735337403 0.982209023757983 21.129191584629744 34.24511687103539
4.7 4.098194982214931 1.0859581001028569 21.40312580443567 34.448600503403014
4.7 3.997437041015053 0.9859581001028568 21.30312580443567 34.34860050340302
4.75 4.0981936765372815 1.0896053563444137 21.57744152792533 34.55144021412919
4.75 3.9974383466588637 0.9896053563444136 21.47744152792533 34.45144021412919
4.8 4.09819237089347 1.093152096141931 21.75212603135532 34.6536522696193
4.8 3.9974396522688367 0.9931520961419309 21.65212603135532 34.55365226961929
4.85 4.098191065283497 1.096599617360776 21.927166908864343 34.75525282865104
4.85 3.9974409578449723 0.9965996173607758 21.827166908864342 34.65525282865103
4.9 4.0981897597073615 1.0999492119111953 22.102552064228156 34.85625793715826
4.9 3.997442263387272 0.9999492119111952 22.002552064228155 34.75625793715825
4.95 4.098188454165062 1.1032021655914321 22.27826970276495 34.956683523297556
4.95 3.997443568895736 1.003202165591432 22.178269702764947 34.85668352329755
5.0 4.098187148656598 1.106359757935205 22.45430832339308 35.05654539278832
5.0 3.997444874370365 1.0063597579352048 22.354308323393077 34.956545392788314
5.05 4.098185843181969 1.109423262063571 22.630656710842622 35.15585922451663
5.05 3.9974461798111607 1.0094232620635708 22.53065671084262 35.05585922451664
5.1 4.098184537741173 1.112393944541193 22.80730392802199 35.25464056639376
5.1 3.9974474852181237 1.012393944541193 22.70730392802199 35.15464056639375
5.15 4.09818323233421 1.1152730652370169 22.984239308540555 35.352904831460336
5.15 3.9974487905912546 1.0152730652370168 22.884239308540554 35.25290483146033
5.2 4.098181926961079 1.118061877189358 23.161452449387905 35.45066729422754
5.2 3.9974500959305543 1.018061877189358 23.061452449387904 35.35066729422755
5.25 4.098180621621779 1.1207616264753963 23.338933203770218 35.54794308724671
5.25 3.997451401236024 1.0207616264753963 23.238933203770216 35.4479430872467
5.3 4.09817931631631 1.1233735520850634 23.516671674103804 35.64474719789892
5.3 3.9974527065076644 1.0233735520850633 23.416671674103803 35.54474719789893
5.35 4.09817801104467 1.125898885799301 23.694658205165894 35.741094465397055
5.35 3.9974540117454764 1.025898885799301 23.594658205165892 35.64109446539706
5.4 4.098176705806859 1.1283388520726747 23.87288337740224 35.83699957799176
5.4 3.9974553169494613 1.0283388520726746 23.772883377402238 35.73699957799175
5.45 4.098175400602874 1.1306946679203043 24.051338000391116 35.93247707037433
5.45 3.997456622119619 1.0306946679203042 23.951338000391114 35.83247707037434
5.5 4.098174095432716 1.1329675428090848 24.23001310646304 36.02754132126884
5.5 3.997457927255951 1.0329675428090848 24.13001310646304 35.92754132126883
5.55 4.098172790296385 1.1351586785531527 24.40889994447537 36.12220655120643
5.55 3.997459232358458 1.0351586785531526 24.308899944475368 36.02220655120644
5.6 4.098171485193878 1.1372692692135613 24.58798997374077 36.216486820474884
5.6 3.99746053742714 1.0372692692135612 24.487989973740767 36.11648682047489
5.65 4.098170180125195 1.1393005010021144 24.767274858108355 36.31039602723655
5.65 3.997461842461999 1.0393005010021144 24.667274858108353 36.210396027236555
5.7 4.098168875090335 1.1412535521893112 24.94674646019616 36.40394790580844
5.7 3.9974631474630367 1.0412535521893111 24.846746460196158 36.30394790580844
5.75 4.098167570089297 1.1431295930163483 25.126396835773594 36.497156025097794
5.75 3.9974644524302527 1.0431295930163482 25.026396835773593 36.3971560250978
5.8 4.098166265122082 1.1449297856111254 25.30621822829217 36.590033787187366
5.8 3.9974657573636483 1.0449297856111253 25.20621822829217 36.49003378718736
5.85 4.098164960188686 1.1466552839081943 25.486203063562957 36.682594426064156
5.85 3.997467062263224 1.0466552839081942 25.386203063562956 36.58259442606416
5.9 4.09816365528911 1.1483072335725937 25.666343944578905 36.77485100648627
5.9 3.9974683671289806 1.0483072335725936 25.566343944578904 36.674851006486264
5.95 4.098162350423353 1.1498867719275043 25.8466336464801 36.8668164229819
5.95 3.9974696719609195 1.0498867719275042 25.7466336464801 36.766816422981904
6.0 4.098161045591414 1.1513950278856664 26.02706511166015 36.95850339897554
6.0 3.9974709767590415 1.0513950278856663 25.92706511166015 36.85850339897554
6.05 4.098159740793292 1.1528331218844852 26.20763144501144 37.04992448603595
6.05 3.9974722815233474 1.052833121884485 26.10763144501144 36.949924486035954
6.1 4.098158436028986 1.154202165824768 26.38832590930732 37.14109206324092
6.1 3.9974735862538378 1.054202165824768 26.288325909307318 37.041092063240924
6.15 4.098157131298496 1.1555032630130166 26.5691419207189 37.23201833665422
6.15 3.9974748909505142 1.0555032630130166 26.469141920718897 37.13201833665423
6.2 4.09815582660182 1.156737508107212 26.750073044464294 37.32271533890973
6.2 3.9974761956133764 1.056737508107212 26.650073044464293 37.22271533890972
6.25 4.098154521938957 1.157905987066018 26.931112990588023 37.41319492889852
6.25 3.9974775002424265 1.057905987066018 26.83111299058802 37.313194928898525
6.3 4.098153217309908 1.1590097771013368 27.112255609868125 37.50346879155455
6.3 3.9974788048376646 1.0590097771013367 27.012255609868124 37.40346879155456
6.35 4.098151912714671 1.1600499466341456 27.293494889848784 37.59354843773454
6.35 3.997480109399093 1.0600499466341455 27.193494889848782 37.493548437734546
6.4 4.098150608153243 1.1610275552535392 27.47482495099589 37.68344520418829
6.4 3.997481413926709 1.061027555253539 27.37482495099589 37.58344520418828
6.45 4.098149303625626 1.1619436536789165 27.65624004297318 37.77317025361525
6.45 3.997482718420517 1.0619436536789164 27.55624004297318 37.673170253615254
6.5 4.098147999131817 1.1627992837252308 27.837734541036447 37.86273457480401
6.5 3.9974840228805166 1.0627992837252307 27.737734541036446 37.762734574804
6.55 4.098146694671819 1.1635954782712392 28.019302942543444 37.952148982850474
6.55 3.99748532730671 1.0635954782712391 27.919302942543442 37.85214898285048
6.6 4.098145390245626 1.1643332612306787 28.200939863576853 38.04142411945196
6.6 3.9974866316990956 1.0643332612306786 28.10093986357685 37.94142411945195
6.65 4.09814408585324 1.165013647526297 28.382640035677884 38.13057045327318
6.65 3.997487936057675 1.065013647526297 28.282640035677883 38.030570453273185
6.7 4.09814278149466 1.165637643066673 28.564398302688023 38.21959828038142
6.7 3.9974892403824502 1.065637643066673 28.46439830268802 38.119598280381425
6.75 4.098141477169884 1.1662062447257515 28.746209617696334 38.308517724747375
6.75 3.9974905446734215 1.0662062447257514 28.646209617696332 38.20851772474738
6.8 4.098140172878912 1.1667204403250298 28.928069040089902 38.397338738809
6.8 3.99749184893059 1.0667204403250297 28.8280690400899 38.29733873880899
6.85 4.098138868621744 1.1671812086183209 29.10997173270482 38.4860711040951
6.85 3.9974931531539566 1.0671812086183208 29.00997173270482 38.386071104095095
6.9 4.098137564398377 1.1675895192790346 29.291912959075315 38.574724431906404
6.9 3.9974944573435214 1.0675895192790346 29.191912959075314 38.474724431906395
6.95 4.098136260208812 1.1679463328899014 29.47388808077843 38.66330816405073
6.95 3.997495761499286 1.0679463328899013 29.37388808077843 38.56330816405074
7.0 4.098134956053048 1.1682526009350798 29.655892554871897 38.7518315736305
7.0 3.997497065621251 1.0682526009350797 29.555892554871896 38.65183157363049
7.05 4.098133651931083 1.1685092657945788 29.83792193142265 38.840303765879256
7.05 3.9974983697094175 1.0685092657945787 29.737921931422648 38.74030376587926
7.1 4.098132347842916 1.168717260740932 30.0199718511236 38.92873367904565
7.1 3.9974996737637865 1.0687172607409319 29.9199718511236 38.82873367904564
7.15 4.098131043788547 1.1688775099380633 30.202038042996243 39.017130085321796
7.15 3.997500977784358 1.0688775099380632 30.10203804299624 38.91713008532179
7.2 4.098129739767976 1.168990928442276 30.384116322176663 39.10550159181443
7.2 3.997502281771134 1.0689909284422758 30.28411632217666 39.00550159181442
7.25 4.0981284357812 1.1690584222053126 30.566202587782655 39.19385664155635
7.25 3.9975035857241146 1.0690584222053126 30.466202587782654 39.09385664155636
7.3 4.098127131828219 1.1690808880794188 30.74829282085954 39.28220351455629
7.3 3.997504889643301 1.0690592138243538 30.648292820859538 39.18220351455628
7.35 4.098125827909033 1.1690808880794188 30.93038308240238 39.370550328885045
7.35 3.997506193528694 1.0689942781162955 30.830383082402378 39.27055032888505
7.4 4.09812452402364 1.1690592138243538 31.112469511452332 39.45890504179634
7.4 3.9975074973802944 1.0688869505585736 31.01246951145233 39.35890504179633
7.45 4.098123220172039 1.1689942781162956 31.29454832326485 39.547275450880065
7.45 3.9975088011981033 1.0687380916941842 31.194548323264847 39.44727545088007
7.5 4.098121916354231 1.1688869505585737 31.476615807547542 39.63566919524668
7.5 3.9975101049821213 1.0685485530200272 31.37661580754754 39.53566919524668
7.55 4.098120612570212 1.1687380916941843 31.658668326765486 39.724093756740686
7.55 3.9975114087323496 1.068319177002815 31.558668326765485 39.62409375674069
7.6 4.098119308819985 1.1685485530200272 31.840702314511823 39.81255646118177
7.6 3.9975127124487897 1.0680507970965987 31.74070231451182 39.71255646118178
7.65 4.0981180051035455 1.1683191770028152 32.02271427394154 39.901064479631955
7.65 3.997514016131441 1.0677442377618622 31.922714273941537 39.80106447963196
7.7 4.098116701420895 1.1680507970965988 32.2047007762663 39.98962482968727
7.7 3.9975153197803044 1.067400314486135 32.104700776266306 39.889624829687264
7.75 4.098115397772031 1.1677442377618623 32.38665845930843 40.07824437679247
7.75 3.997516623395382 1.067019833806075 32.286658459308434 39.978244376792475
7.8 4.098114094156954 1.1674003144861351 32.56858402611175 40.16692983557756
7.8 3.997517926976674 1.0666035933309714 32.468584026111756 40.066929835577554
7.85 4.098112790575661 1.167019833806075 32.750474243607634 40.255687771214454
7.85 3.997519230524181 1.0661523817676242 32.65047424360764 40.15568777121446
7.9 4.098111487028154 1.1666035933309715 32.93232594133406 40.34452460079282
7.9 3.9975205340379047 1.0656669789465565 32.83232594133406 40.244524600792815
7.95 4.0981101835144305 1.1661523817676243 33.11413601020592 40.43344659471367
7.95 3.9975218375178447 1.0651481558495084 33.014136010205924 40.33344659471368
8.0 4.0981088800344905 1.1656669789465566 33.295901401334724 40.52245987809957
8.0 3.9975231409640033 1.0645966746381794 33.19590140133473 40.42245987809956
8.05 4.098107576588331 1.1651481558495085 33.477619124895746 40.61157043222018
8.05 3.997524444376381 1.0640132886841698 33.37761912489575 40.51157043222017
8.1 4.098106273175953 1.1645966746381795 33.65928624904101 40.70078409593228
8.1 3.997525747754978 1.0633987426000835 33.559286249041016 40.60078409593228
8.15 4.0981049697973555 1.1640132886841699 33.840899898856215 40.790106567132966
8.15 3.997527051099796 1.0627537722717524 33.74089989885622 40.69010656713296
8.2 4.098103666452538 1.1633987426000836 34.022457255359996 40.87954340422492
8.2 3.9975283544108353 1.0620791048915423 33.92245725536 40.77954340422491
8.25 4.0981023631415 1.1627537722717525 34.20395555454385 40.96910002759317
8.25 3.997529657688098 1.0613754589927042 34.10395555454386 40.86910002759318
8.3 4.098101059864238 1.1620791048915424 34.385392086450985 41.05878172109193
8.3 3.997530960931583 1.0606435444847355 34.28539208645099 40.958781721091924
8.35 4.098099756620753 1.1613754589927043 34.56676419429267 41.148593633540685
8.35 3.997532264141292 1.0598840626897092 34.46676419429268 41.04859363354069
8.4 4.098098453411043 1.1606435444847356 34.74806927360051 41.23854078022897
8.4 3.9975335673172263 1.059097706379546 34.64806927360051 41.138540780228965
8.45 4.09809715023511 1.1598840626897093 34.929304771412895 41.328628044428484
8.45 3.9975348704593863 1.0582851598141867 34.8293047714129 41.228628044428476
8.5 4.098095847092949 1.159097706379546 35.11046818549461 41.418860178912055
8.5 3.997536173567773 1.0574470987806381 35.01046818549462 41.31886017891205
8.55 4.098094543984563 1.1582851598141868 35.29155706358769 41.50924180747853
8.55 3.9975374766423872 1.0565841906328588 35.191557063587695 41.40924180747852
8.6 4.098093240909948 1.1574470987806382 35.472569002692474 41.5997774264828
8.6 3.9975387796832305 1.055697094332449 35.37256900269248 41.499777426482794
8.65 4.098091937869105 1.1565841906328589 35.65350164837736 41.69047140637031
8.65 3.9975400826903025 1.0547864604901254 35.55350164837736 41.5904714063703
8.7 4.098090634862033 1.1556970943324492 35.83435269411591 41.78132799321517
8.7 3.997541385663605 1.0538529314079395 35.73435269411591 41.68132799321516
8.75 4.098089331888731 1.1547864604901255 36.01511988065016 41.872351310261394
8.75 3.9975426886031378 1.0528971411222192 35.91511988065017 41.772351310261385
8.8 4.0980880289491965 1.1538529314079395 36.19580099537872 41.96354535946632
8.8 3.9975439915089037 1.0519197154472042 36.095800995378724 41.863545359466315
8.85 4.09808672604343 1.1528971411222193 36.376393871768585 42.05491402304588
8.85 3.997545294380902 1.050921272019344 36.27639387176859 41.95491402304587
8.9 4.098085423171431 1.1519197154472043 36.55689638878949 42.14646106502077
8.9 3.9975465972191344 1.04990242034224 36.456896388789495 42.04646106502078
8.95 4.0980841203331995 1.150921272019344 36.73730647036953 42.23819013276322
8.95 3.9975479000236014 1.0488637618322005 36.63730647036954 42.138190132763214
9.0 4.0980828175287325 1.14990242034224 36.917622084871155 42.3301047585435
9.0 3.997549202794304 1.0478058898643867 36.81762208487116 42.230104758543504
9.05 4.0980815147580305 1.1488637618322006 37.09784124458623 42.42220836107586
9.05 3.9975505055312426 1.0467293898195236 36.99784124458623 42.322208361075866
9.1 4.098080212021092 1.1478058898643868 37.277962005249385 42.51450424706313
9.1 3.9975518082344186 1.0456348391311556 37.17796200524939 42.41450424706312
9.15 4.098078909317915 1.1467293898195237 37.45798246556849 42.606995612739595
9.15 3.9975531109038327 1.0445228073334232 37.3579824655685 42.5069956127396
9.2 4.098077606648501 1.1456348391311557 37.637900766771295 42.69968554541168
9.2 3.997554413539486 1.043393856109337 37.5379007667713 42.599685545411674
9.25 4.0980763040128485 1.1445228073334233 37.8177150921674 42.792577024995694
9.25 3.997555716141379 1.0422485393395293 37.7177150921674 42.6925770249957
9.3 4.098075001410955 1.143393856109337 37.99742366672453 42.885672925552555
9.3 3.9975570187095126 1.041087403151465 37.897423666724535 42.78567292555255
9.35 4.098073698842821 1.1422485393395294 38.177024756658376 42.97897601681862
9.35 3.997558321243888 1.0399109859690856 38.07702475665838 42.87897601681861
9.4 4.098072396308446 1.141087403151465 38.356516669035116 43.07248896573256
9.4 3.997559623744506 1.038719818562874 38.25651666903512 42.972488965732566
9.45 4.098071093807828 1.1399109859690857 38.53589775138566 43.166214337957555
9.45 3.997560926211367 1.037514424100317 38.43589775138567 43.06621433795756
9.5 4.098069791340967 1.1387198185628742 38.715166391331195 43.26015459939859
9.5 3.997562228644473 1.036295318196745 38.6151663913312 43.16015459939858
9.55 4.098068488907861 1.137514424100317 38.89432101621882 43.35431211771429
9.55 3.9975635310438236 1.0350630089665394 38.794321016218824 43.25431211771428
9.6 4.09806718650851 1.136295318196745 39.073360092766976 43.44868916382315
9.6 3.9975648334094203 1.0338179970746784 38.97336009276698 43.34868916382315
9.65 4.098065884142914 1.1350630089665394 39.252282126719805 43.54328791340352
9.65 3.997566135741264 1.032560775788616 39.15228212671981 43.44328791340352
9.7 4.09806458181107 1.1338179970746785 39.43108566250958 43.63811044838715
9.7 3.997567438039355 1.0312918310304704 39.33108566250959 43.538110448387144
9.75 4.098063279512979 1.132560775788616 39.60976928292703 43.733158758445896
9.75 3.997568740303695 1.0300116414295075 39.50976928292704 43.6331587584459
9.8 4.098061977248639 1.1312918310304705 39.78833160879844 43.82843474247133
9.8 3.9975700425342846 1.0287206783749043 39.68833160879844 43.728434742471336
9.85 4.09806067501805 1.1300116414295076 39.966771298669315 43.92394021004678
9.85 3.9975713447311243 1.0274194060687782 39.86677129866932 43.823940210046786
9.9 4.09805937282121 1.1287206783749044 40.14508704849394 44.01967688291167
9.9 3.9975726468942154 1.0261082815794667 40.04508704849395 43.91967688291166
9.95 4.0980580706581184 1.1274194060687783 40.32327759133018 44.11564639641769
9.95 3.9975739490235584 1.02478775489504 40.22327759133019 44.015646396417694
10.0 4.098056768528775 1.1261082815794667 40.50134169703921 44.21185030097672
10.0 3.9975752511191547 1.023458268977039 40.401341697039214 44.11185030097673
10.05 4.098055466433179 1.12478775489504 40.679278171989495 44.308290063499996
10.05 3.997576553181005 1.0221202598144195 40.5792781719895 44.20829006349999
10.1 4.098054164371329 1.1234582689770392 40.85708585876477 44.40496706882834
10.1 3.9975778552091095 1.0207741564776907 40.757085858764775 44.30496706882835
10.15 4.098052862343224 1.1221202598144195 41.034763635875365 44.501882621153456
10.15 3.9975791572034702 1.0194203811732376 40.93476363587537 44.40188262115345
10.2 4.098051560348864 1.1207741564776907 41.21231041747258 44.59903794542946
10.2 3.997580459164087 1.0180593492978118 41.112310417472585 44.49903794542945
10.25 4.0980502583882465 1.1194203811732377 41.38972515306574 44.69643418877506
10.25 3.997581761090961 1.0166914694931788 41.289725153065746 44.59643418877506
10.3 4.098048956461373 1.118059349297812 41.567006827241414 44.79407242186579
10.3 3.997583062984094 1.0153171437009114 41.46700682724142 44.69407242186578
10.35 4.09804765456824 1.1166914694931789 41.7441544593846 44.89195364031603
10.35 3.9975843648434854 1.013936767217316 41.64415445938461 44.791953640316024
10.4 4.098046352708848 1.1153171437009115 41.92116710340145 44.990078766050914
10.4 3.997585666669137 1.0125507287484816 41.82116710340146 44.890078766050905
10.45 4.098045050883196 1.1139367672173162 42.09804384744318 45.08844864866761
10.45 3.9975869684610497 1.0111594104654376 41.998043847443185 44.988448648667614
10.5 4.098043749091285 1.1125507287484817 42.274783813631025 45.187064066786036
10.5 3.9975882702192242 1.0097631880594147 42.17478381363103 45.08706406678604
10.55 4.0980424473331105 1.1111594104654376 42.45138615778174 45.28592572938858
10.55 3.997589571943661 1.0083624307971926 42.35138615778175 45.18592572938857
10.6 4.098041145608673 1.1097631880594148 42.62785006913358 45.385034277148876
10.6 3.9975908736343615 1.006957501576527 42.527850069133585 45.28503427714888
10.65 4.098039843917973 1.1083624307971927 42.80417477007241 45.48439028374942
10.65 3.997592175291326 1.0055487569816466 42.70417477007241 45.384390283749426
10.7 4.098038542261008 1.1069575015765272 42.980359515857664 45.5839942571877
10.7 3.997593476914557 1.0041365473388064 42.88035951585767 45.4839942571877
10.75 4.098037240637779 1.1055487569816467 43.15640359434814 45.68384664107094
10.75 3.997594778504053 1.0027212167718929 43.05640359434815 45.583846641070934
10.8 4.098035939048282 1.1041365473388065 43.33230632572717 45.783947815899154
10.8 3.9975960800598154 1.0013031032580664 43.23230632572717 45.68394781589916
10.85 4.098034637492519 1.102721216771893 43.508067062227134 45.88429810033645
10.85 3.9975973815818464 0.9998825386834351 43.40806706222714 45.78429810033644
10.9 4.098033335970488 1.1013031032580665 43.68368518785324 45.98489775247036
10.9 3.997598683070146 0.9984598488987491 43.58368518785325 45.884897752470366
10.95 4.098032034482188 1.0998825386834352 43.85916011810613 46.085746971059294
10.95 3.997599984524715 0.9970353537751062 43.75916011810614 45.985746971059285
11.0 4.0980307330276196 1.0984598488987491 44.03449129970343 46.18684589676769
11.0 3.997601285945555 0.9956093672596622 43.93449129970344 46.086845896767684
11.05 4.098029431606779 1.0970353537751063 44.209678210300005 46.288194613389095
11.05 3.9976025873326666 0.9941821974313347 44.10967821030001 46.1881946133891
11.1 4.098028130219667 1.0956093672596623 44.384720358206785 46.389793149056786
11.1 3.99760388868605 0.992754146556494 44.28472035820679 46.28979314905678
11.15 4.098026828866284 1.0941821974313348 44.55961728210818 46.49164147744206
11.15 3.9976051900057064 0.9913255111446304 44.459617282108184 46.391641477442064
11.2 4.0980255275466275 1.092754146556494 44.73436855077776 46.59373951893997
11.2 3.997606491291637 0.9898965820039933 44.634368550777765 46.493739518939975
11.25 4.098024226260697 1.0913255111446305 44.90897376279235 46.696087141842526
11.25 3.997607792543842 0.9884676442971905 44.808973762792355 46.59608714184253
11.3 4.098022925008491 1.0898965820039934 45.08343254624437 46.798684163499175
11.3 3.9976090937623234 0.9870389775967421 44.98343254624437 46.69868416349918
11.35 4.098021623790011 1.0884676442971906 45.257744558452316 46.90153035146464
11.35 3.997610394947081 0.9856108559405814 45.15774455845232 46.801530351464635
11.4 4.098020322605253 1.0870389775967422 45.43190948566943 47.00462542463394
11.4 3.997611696098116 0.984183547887493 45.331909485669435 46.90462542463395
11.45 4.098019021454218 1.0856108559405815 45.60592704279036 47.1079690543646
11.45 3.9976129972154295 0.9827573165724837 45.50592704279037 47.00796905436461
11.5 4.098017720336904 1.084183547887493 45.77979697305608 47.21156086558601
11.5 3.9976142982990224 0.9813324197620767 45.679796973056085 47.111560865586014
11.55 4.0980164192533115 1.0827573165724838 45.95351904775655 47.31540043789582
11.55 3.9976155993488955 0.9799091099095238 45.853519047756556 47.21540043789581
11.6 4.098015118203438 1.0813324197620768 46.1270930659317 47.41948730664339
11.6 3.997616900365049 0.9784876342099251 46.02709306593171 47.319487306643396
11.65 4.098013817187285 1.079909109909524 46.30051885407022 47.52382096400041
11.65 3.997618201347485 0.9770682346552562 46.200518854070225 47.42382096400041
11.7 4.098012516204849 1.0784876342099252 46.473796265806385 47.628400860018246
11.7 3.997619502296203 0.9756511480892853 46.37379626580639 47.52840086001825
11.75 4.098011215256131 1.0770682346552563 46.646925181614996 47.73322640367253
11.75 3.9976208032112055 0.9742366062623871 46.546925181615 47.63322640367252
11.8 4.098009914341128 1.0756511480892854 46.819905508504235 47.838296963894564
11.8 3.9976221040924917 0.9728248358862339 46.71990550850424 47.73829696389457
11.85 4.098008613459842 1.0742366062623872 46.99273717970661 47.943611870589734
11.85 3.9976234049400636 0.971416058688366 46.892737179706614 47.84361187058974
11.9 4.09800731261227 1.072824835886234 47.16542015436798 48.04917041564289
11.9 3.9976247057539216 0.9700104914666328 47.065420154367985 47.94917041564288
11.95 4.098006011798412 1.071416058688366 47.33795441723468 48.154971853910624
11.95 3.997626006534067 0.968608346143496 47.23795441723468 48.054971853910615
12.0 4.098004711018267 1.0700104914666329 47.51033997833877 48.261015404200606
12.0 3.9976273072805 0.9672098298201932 47.410339978338776 48.1610154042006
12.05 4.098003410271834 1.068608346143496 47.68257687268148 48.367300250237804
12.05 3.9976286079932217 0.9658151448307501 47.582576872681486 48.26730025023781
12.1 4.098002109559112 1.0672098298201933 47.85466515991487 48.47382554161774
12.1 3.997629908672234 0.9644244887958437 47.75466515991488 48.373825541617734
12.15 4.0980008088801005 1.0658151448307502 48.026604924021825 48.58059039474675
12.15 3.997631209317536 0.9630380546765003 47.92660492402183 48.480590394746756
12.2 4.097999508234798 1.0644244887958438 48.19839627299429 48.68759389376929
12.2 3.9976325099291294 0.9616560308276312 48.09839627299429 48.58759389376928
12.25 4.097998207623204 1.0630380546765004 48.37003933850997 48.79483509148221
12.25 3.9976338105070157 0.9602786010513973 48.270039338509974 48.694835091482204
12.3 4.097996907045318 1.0616560308276313 48.54153427560751 48.9023130102363
12.3 3.9976351110511947 0.9589059446503962 48.441534275607516 48.80231301023629
12.35 4.097995606501139 1.0602786010513974 48.71288126236015 49.01002664282478
12.35 3.9976364115616683 0.9575382364806668 48.612881262360155 48.910026642824775
12.4 4.097994305990666 1.0589059446503963 48.884080499548 49.11797495335908
12.4 3.9976377120384363 0.9561756470045084 48.784080499548004 49.01797495335907
12.45 4.097993005513898 1.057538236480667 49.05513221032896 49.22615687813176
12.45 3.9976390124815007 0.9548183423431054 48.95513221032897 49.12615687813175
12.5 4.097991705070834 1.0561756470045085 49.226036639908514 49.334571326466744
12.5 3.997640312890862 0.9534664843289544 49.12603663990852 49.234571326466735
12.55 4.0979904046614735 1.0548183423431055 49.39679405520814 49.44321718155685
12.55 3.997641613266521 0.9521202305580909 49.296794055208146 49.34321718155685
12.6 4.097989104285815 1.0534664843289545 49.567404744532794 49.552093301288636
12.6 3.9976429136084777 0.9507797344421045 49.4674047445328 49.45209330128864
12.65 4.097987803943858 1.052120230558091 49.737869017237394 49.661198519054764
12.65 3.997644213916734 0.9494451452599456 49.6378690172374 49.56119851905477
12.7 4.097986503635602 1.0507797344421046 49.90818720339223 49.770531644553714
12.7 3.99764551419129 0.948116608209511 49.80818720339224 49.67053164455372
12.75 4.097985203361046 1.0494451452599456 50.078359653447734 49.880091464577205
12.75 3.9976468144321475 0.9467942644590106 49.97835965344774 49.78009146457721
12.8 4.097983903120188 1.048116608209511 50.248386737898315 49.9898767437851
12.8 3.997648114639306 0.9454782511981055 50.14838673789832 49.88987674378511
12.85 4.097982602913029 1.0467942644590107 50.41826884694571 50.09988622546804
12.85 3.997649414812768 0.9441687016888155 50.31826884694571 49.99988622546803
12.9 4.097981302739566 1.0454782511981056 50.58800639016167 50.21011863229782
12.9 3.997650714952534 0.9428657453161924 50.48800639016167 50.11011863229781
12.95 4.097980002599801 1.0441687016888155 50.757599796150174 50.32057266706566
12.95 3.9976520150586055 0.9415695076387511 50.65759979615018 50.22057266706567
13.0 4.09797870249373 1.0428657453161925 50.92704951220933 50.43124701340831
13.0 3.9976533151309805 0.9402801104386592 50.827049512209335 50.3312470134083
13.05 4.097977402421354 1.0415695076387512 51.0963560039929 50.54214033652211
13.05 3.9976546151696626 0.938997671771676 50.99635600399291 50.442140336522115
13.1 4.097976102382671 1.0402801104386592 51.2655197551717 50.65325128386527
13.1 3.997655915174652 0.9377223060168416 51.16551975517171 50.553251283865265
13.15 4.097974802377682 1.038997671771676 51.434541267094914 50.76457848584812
13.15 3.9976572151459493 0.9364541239259077 51.33454126709492 50.664578485848125
13.2 4.0979735024063855 1.0377223060168417 51.60342105845132 50.87612055651179
13.2 3.9976585150835566 0.93519323267251 51.50342105845132 50.776120556511785
13.25 4.097972202468779 1.0364541239259077 51.77215966493069 50.98787609419503
13.25 3.9976598149874727 0.9339397359010758 51.672159664930696 50.887876094195036
13.3 4.097970902564864 1.03519323267251 51.94075763888536 51.09984368218964
13.3 3.997661114857699 0.9326937337754646 51.840757638885364 50.999843682189635
13.35 4.097969602694636 1.0339397359010758 52.10921554899202 51.21202188938423
13.35 3.997662414694237 0.9314553230273362 52.009215548992024 51.11202188938424
13.4 4.097968302858097 1.0326937337754647 52.277533979914 51.324409270896794
13.4 3.997663714497088 0.9302245970042464 52.177533979914 51.2244092708968
13.45 4.0979670030552455 1.0314553230273362 52.44571353196388 51.43700436869578
13.45 3.997665014266252 0.9290016457174624 52.34571353196389 51.33700436869579
13.5 4.097965703286082 1.0302245970042465 52.61375482076681 51.549805712210144
13.5 3.9976663140017306 0.9277865558894977 52.51375482076681 51.449805712210136
13.55 4.097964403550604 1.0290016457174624 52.781658476924314 51.662811818928176
13.55 3.997667613703524 0.9265794110013625 52.68165847692432 51.56281181892817
13.6 4.0979631038488105 1.0277865558894976 52.949425145679015 51.77602119498543
13.6 3.997668913371633 0.9253802913395255 52.84942514567902 51.676021194985424
13.65 4.097961804180701 1.0265794110013626 53.11705548658008 51.889432335741716
13.65 3.997670213006059 0.9241892740425846 53.017055486580084 51.78943233574172
13.7 4.097960504546275 1.0253802913395256 53.28455017314961 52.003043726347315
13.7 3.9976715126068028 0.9230064331476441 53.18455017314962 51.903043726347306
13.75 4.097959204945531 1.0241892740425846 53.451909892550134 52.11685384229844
13.75 3.9976728121738647 0.9218318396363951 53.35190989255014 52.01685384229843
13.8 4.097957905378469 1.023006433147644 53.61913534525302 52.230861149982275
13.8 3.9976741117072465 0.9206655614808953 53.51913534525303 52.13086114998228
13.85 4.097956605845088 1.0218318396363952 53.78622724470828 52.34506410721144
13.85 3.997675411206948 0.9195076636890465 53.686227244708284 52.24506410721145
13.9 4.097955306345385 1.0206655614808953 53.95318631701555 52.459461163748074
13.9 3.9976767106729714 0.9183582083497676 53.853186317015556 52.35946116374808
13.95 4.0979540068793625 1.0195076636890466 54.12001330059642 52.57405076181773
13.95 3.997678010105316 0.9172172546778585 54.020013300596425 52.47405076181772
14.0 4.097952707447018 1.0183582083497675 54.28670894586821 52.68883133661308
14.0 3.9976793095039844 0.9160848590585553 54.18670894586822 52.58883133661308
14.05 4.09795140804835 1.0172172546778586 54.45327401491936 52.80380131678764
14.05 3.997680608868976 0.9149610750917716 54.353274014919364 52.70380131678765
14.1 4.097950108683357 1.0160848590585554 54.619709281186246 52.91895912493953
14.1 3.9976819082002923 0.9138459536360246 54.51970928118625 52.81895912493954
14.15 4.097948809352041 1.0149610750917717 54.786015529131916 53.034303178085466
14.15 3.9976832074979343 0.9127395428520456 54.68601552913192 52.93430317808547
14.2 4.097947510054399 1.0138459536360247 54.952193553926314 53.14983188812495
14.2 3.9976845067619027 0.911641888246069 54.85219355392632 53.04983188812494
14.25 4.097946210790432 1.0127395428520456 55.11824416112862 53.265543662295045
14.25 3.997685805992198 0.9105530327128009 55.01824416112863 53.165543662295036
14.3 4.097944911560136 1.011641888246069 55.28416816637125 53.38143690361554
14.3 3.9976871051888216 0.9094730165780651 55.18416816637126 53.28143690361553
14.35 4.097943612363512 1.010553032712801 55.449966395046 53.49751001132482
14.35 3.9976884043517744 0.9084018776411209 55.349966395046 53.39751001132481
14.4 4.0979423132005595 1.0094730165780652 55.61563968199216 53.61376138130652
14.4 3.9976897034810572 0.9073396512166574 55.51563968199216 53.51376138130651
14.45 4.097941014071277 1.008401877641121 55.78118887118681 53.73018940650694
14.45 3.9976910025766705 0.9062863701764554 55.68118887118681 53.63018940650694
14.5 4.097939714975664 1.0073396512166575 55.946614815437236 53.8467924773436
14.5 3.997692301638615 0.9052420649907209 55.84661481543724 53.746792477343604
14.55 4.097938415913719 1.0062863701764555 56.111918376075636 53.96356898210473
14.55 3.9976936006668926 0.9042067637690856 56.01191837607564 53.863568982104724
14.6 4.097937116885442 1.005242064990721 56.27710042265613 54.0805173073401
14.6 3.9976948996615045 0.9031804923012737 56.17710042265614 53.98051730734011
14.65 4.097935817890831 1.0042067637690857 56.442161832654165 54.19763583824317
14.65 3.9976961986224486 0.9021632740974336 56.34216183265417 54.09763583824318
14.7 4.097934518929886 1.0031804923012737 56.607103491168324 54.31492295902457
14.7 3.9976974975497286 0.9011551304281333 56.50710349116833 54.21492295902458
14.75 4.097933220002605 1.0021632740974336 56.771926290624634 54.432377053277264
14.75 3.997698796443345 0.9001560803640176 56.67192629062464 54.33237705327727
14.8 4.097931921108989 1.0011551304281334 56.93663113048347 54.54999650433332
14.8 3.9977000953032977 0.8991661408151272 56.836631130483475 54.44999650433331
14.85 4.097930622249036 1.0001560803640177 57.101218916948966 54.66777969561245
14.85 3.9977013941295887 0.8981853265698769 57.00121891694897 54.56777969561246
14.9 4.097929323422745 0.9991661408151273 57.26569056268119 54.785725010962565
14.9 3.997702692922218 0.8972136503336933 57.1656905626812 54.68572501096257
14.95 4.097928024630116 0.998185326569877 57.43004698651097 54.90383083499212
14.95 3.997703991681187 0.8962511227673098 57.33004698651098 54.80383083499213
15.0 4.097926725871147 0.9972136503336934 57.59428911315746 55.02209555339482
15.0 3.997705290406496 0.8952977525247202 57.494289113157464 54.922095553394826
15.05 4.097925427145838 0.9962511227673099 57.75841787294849 55.14051755326638
15.05 3.9977065890981462 0.8943535462907868 57.6584178729485 55.04051755326638
15.1 4.097924128454188 0.9952977525247203 57.92243420154387 55.25909522341374
15.1 3.997707887756139 0.893418508818505 57.82243420154388 55.15909522341374
15.15 4.097922829796195 0.9943535462907869 58.08633903966147 55.37782695465671
15.15 3.997709186380474 0.8924926429659229 57.98633903966147 55.27782695465672
15.2 4.09792153117186 0.9934185088185051 58.25013333280622 55.49671114012217
15.2 3.9977104849711536 0.891575949732715 58.15013333280623 55.39671114012218
15.25 4.09792023258118 0.992492642965923 58.4138180310022 55.615746175530944
15.25 3.9977117835281772 0.8906684282964097 58.31381803100221 55.51574617553095
15.3 4.097918934024157 0.9915759497327151 58.57739408852758 55.73493045947747
15.3 3.997713082051547 0.8897700760482702 58.47739408852759 55.63493045947746
15.35 4.097917635500788 0.9906684282964098 58.74086246365273 55.854262393702385
15.35 3.997714380541264 0.8888808886288286 58.64086246365274 55.754262393702376
15.4 4.097916337011072 0.9897700760482703 58.90422411838132 55.97374038335815
15.4 3.9977156789973263 0.8880008599630728 58.80422411838133 55.873740383358154
15.45 4.0979150385550085 0.9888808886288287 59.06748001819455 56.09336283726768
15.45 3.997716977419738 0.8871299822952848 58.96748001819456 55.99336283726767
15.5 4.097913740132596 0.9880008599630729 59.23063113179853 56.21312816817627
15.5 3.9977182758084986 0.8862682462235335 59.13063113179854 56.11312816817626
15.55 4.097912441743835 0.9871299822952849 59.39367843087479 56.33303479299687
15.55 3.997719574163609 0.8854156407338174 59.2936784308748 56.233034792996875
15.6 4.097911143388726 0.9862682462235336 59.556622889834024 56.45308113304877
15.6 3.9977208724850715 0.8845721532338612 59.45662288983403 56.35308113304876
15.65 4.097909845067265 0.9854156407338175 59.71946548557297 56.57326561428977
15.65 3.9977221707728834 0.8837377695865634 59.619465485572974 56.47326561428976
15.7 4.097908546779451 0.9845721532338613 59.88220719723465 56.693586667542036
15.7 3.9977234690270493 0.8829124741430973 59.782207197234655 56.59358666754203
15.75 4.097907248525285 0.9837377695865634 60.04484900597174 56.8140427287118
15.75 3.9977247672475684 0.8820962497756641 59.94484900597175 56.7140427287118
15.8 4.0979059503047655 0.9829124741430973 60.20739189471328 56.93463223900267
15.8 3.9977260654344415 0.8812890779098985 60.10739189471329 56.83463223900267
15.85 4.097904652117892 0.9820962497756642 60.36983684793469 57.05535364512312
15.85 3.99772736358767 0.8804909385569275 60.2698368479347 56.955353645123125
15.9 4.097903353964663 0.9812890779098986 60.53218485143107 57.17620539948791
15.9 3.9977286617072547 0.8797018103450825 60.432184851431074 57.07620539948792
15.95 4.097902055845079 0.9804909385569276 60.6944368920938 57.2971859604137
15.95 3.997729959793196 0.8789216705512661 60.5944368920938 57.19718596041369
16.0 4.097900757759137 0.9797018103450826 60.85659395769057 57.418293792308816
16.0 3.9977312578454955 0.8781504951319711 60.756593957690576 57.31829379230881
16.05 4.097899459706838 0.9789216705512662 61.01865703664865 57.53952736585752
16.05 3.9977325558641534 0.8773882587539568 60.91865703664865 57.439527365857515
16.1 4.097898161688181 0.9781504951319712 61.1806271178416 57.66088515819861
16.1 3.997733853849171 0.8766349348245788 61.08062711784161 57.560885158198616
16.15 4.097896863703164 0.9773882587539569 61.342505190379306 57.78236565309858
16.15 3.997735151800549 0.8758904955217754 61.24250519037931 57.682365653098586
16.2 4.097895565751785 0.9766349348245789 61.50429224340144 57.90396734111941
16.2 3.997736449718288 0.8751549118237119 61.40429224340144 57.8039673411194
16.25 4.097894267834046 0.9758904955217755 61.66598926587417 58.025688719781044
16.25 3.997737747602389 0.8744281535380795 61.56598926587417 57.92568871978105
16.3 4.097892969949944 0.975154911823712 61.82759724639047 58.14752829371882
16.3 3.9977390454528536 0.8737101893310558 61.727597246390474 58.04752829371883
16.35 4.09789167209948 0.9744281535380795 61.989117172973614 58.269484574835644
16.35 3.997740343269682 0.8730009867559225 61.88911717297362 58.16948457483565
16.4 4.097890374282652 0.9737101893310559 62.15055003288417 58.39155608244923
16.4 3.997741641052875 0.8723005122813433 62.050550032884175 58.29155608244922
16.45 4.0978890764994595 0.9730009867559226 62.31189681243036 58.51374134343446
16.45 3.9977429388024346 0.8716087313193032 62.21189681243037 58.41374134343447
16.5 4.097887778749901 0.9723005122813434 62.47315849678178 58.63603889236093
16.5 3.9977442365183595 0.8709256082527101 62.373158496781784 58.536038892360935
16.55 4.097886481033976 0.9716087313193033 62.634336069786535 58.75844727162563
16.55 3.9977455342006523 0.8702511064626586 62.53433606978654 58.65844727162563
16.6 4.097885183351684 0.9709256082527102 62.79543051379175 58.88096503158117
16.6 3.9977468318493132 0.8695851883553588 62.695430513791756 58.78096503158116
16.65 4.097883885703022 0.9702511064626587 62.95644280946743 59.003590730659255
16.65 3.997748129464342 0.86892781538873 62.85644280946744 58.90359073065926
16.7 4.097882588087993 0.9695851883553589 63.11737393563374 59.126322935489895
16.7 3.997749427045742 0.868278948098661 63.01737393563375 59.0263229354899
16.75 4.097881290506592 0.9689278153887301 63.278224869091595 59.249160221015984
16.75 3.9977507245935127 0.8676385461249385 63.1782248690916 59.14916022101599
16.8 4.097879992958821 0.9682789480986611 63.438996584456596 59.37210117060371
16.8 3.9977520221076555 0.8670065682368437 63.3389965844566 59.27210117060372
16.85 4.097878695444678 0.9676385461249386 63.59969005399637 59.495144376148744
16.85 3.9977533195881705 0.8663829723584205 63.499690053996375 59.39514437614875
16.9 4.097877397964163 0.9670065682368438 63.76030624747119 59.618288438178155
16.9 3.997754617035059 0.8657677155934145 63.6603062474712 59.51828843817816
16.95 4.097876100517275 0.9663829723584206 63.920846131977996 59.741531965948454
16.95 3.997755914448322 0.8651607542498851 63.820846131978 59.641531965948445
17.0 4.097874803104012 0.9657677155934146 64.08131067179751 59.86487357753937
17.0 3.99775721182796 0.8645620438644933 63.981310671797516 59.76487357753936
17.05 4.097873505724373 0.9651607542498852 64.24170082824493 59.98831189994398
17.05 3.9977585091739747 0.8639715392264646 64.14170082824494 59.88831189994397
17.1 4.09787220837836 0.9645620438644934 64.4020175595237 60.11184556915484
17.1 3.9977598064863655 0.8633891944012294 64.3020175595237 60.01184556915483
17.15 4.097870911065968 0.9639715392264647 64.56226182058258 60.23547323024634
17.15 3.997761103765135 0.8628149627537433 64.46226182058258 60.13547323024635
17.2 4.097869613787199 0.9633891944012295 64.72243456297612 60.35919353745355
17.2 3.9977624010102826 0.8622487969714878 64.62243456297612 60.25919353745354
17.25 4.097868316542051 0.9628149627537433 64.88253673472802 60.483005154247095
17.25 3.99776369822181 0.8616906490871535 64.78253673472803 60.38300515424709
17.3 4.097867019330524 0.9622487969714879 65.04256928019808 60.60690675340487
17.3 3.997764995399718 0.861140470501007 64.94256928019809 60.50690675340486
17.35 4.097865722152616 0.9616906490871536 65.2025331399521 60.73089701708001
17.35 3.997766292544007 0.8605982120029438 65.1025331399521 60.63089701708002
17.4 4.097864425008327 0.961140470501007 65.36242925063497 60.85497463686559
17.4 3.9977675896546785 0.8600638237942294 65.26242925063498 60.7549746368656
17.45 4.097863127897655 0.9605982120029439 65.52225854484706 60.97913831385591
17.45 3.9977688867317327 0.8595372555089281 65.42225854484707 60.87913831385592
17.5 4.097861830820601 0.9600638237942295 65.68202195102357 61.10338675870452
17.5 3.997770183775171 0.859018456235024 65.58202195102358 61.00338675870452
17.55 4.097860533777163 0.9595372555089282 65.84172039331702 61.22771869167906
17.55 3.9977714807849942 0.8585073745352351 65.74172039331702 61.127718691679064
17.6 4.09785923676734 0.9590184562350241 66.0013547914829 61.352132842712976
17.6 3.9977727777612033 0.8580039584675202 65.9013547914829 61.25213284271297
17.65 4.0978579397911306 0.9585073745352352 66.16092606076829 61.47662795145409
17.65 3.997774074703799 0.8575081556052854 66.0609260607683 61.3766279514541
17.7 4.0978566428485355 0.9580039584675203 66.32043511180362 61.60120276731027
17.7 3.9977753716127813 0.8570199130572861 66.22043511180362 61.50120276731026
17.75 4.097855345939553 0.9575081556052855 66.47988285049723 61.72585604949201
17.75 3.997776668488153 0.8565391774872306 66.37988285049724 61.625856049492
17.8 4.097854049064181 0.9570199130572862 66.6392701779332 61.85058656705219
17.8 3.997777965329913 0.8560658951330872 66.5392701779332 61.750586567052196
17.85 4.097852752222421 0.9565391774872307 66.79859799027192 61.97539309892312
17.85 3.9977792621380632 0.855600011826093 66.69859799027192 61.875393098923126
17.9 4.09785145541427 0.9560658951330873 66.9578671786536 62.10027443395059
17.9 3.9977805589126043 0.8551414730094716 66.8578671786536 62.00027443395058
17.95 4.097850158639729 0.9556000118260931 67.11707862910494 62.22522937092536
17.95 3.9977818556535376 0.8546902237568572 67.01707862910494 62.125229370925354
18.0 4.097848861898797 0.9551414730094717 67.27623322244823 62.350256718612016
18.0 3.997783152360863 0.8542462087904303 67.17623322244823 62.25025671861201
18.05 4.09784756519147 0.9546902237568573 67.4353318342137 62.47535529577513
18.05 3.997784449034582 0.8538093724987645 67.3353318342137 62.37535529577512
18.1 4.097846268517752 0.9542462087904304 67.59437533455451 62.60052393120297
18.1 3.997785745674696 0.8533796589543897 67.49437533455452 62.50052393120296
18.15 4.097844971877638 0.9538093724987646 67.7533645881645 62.72576146372863
18.15 3.997787042281205 0.8529570119310695 67.65336458816451 62.62576146372864
18.2 4.097843675271129 0.9533796589543898 67.91230045419888 62.85106674224893
18.2 3.9977883388541096 0.8525413749207994 67.81230045419889 62.75106674224894
18.25 4.097842378698224 0.9529570119310696 68.07118378619741 62.97643862574061
18.25 3.9977896353934117 0.8521326911505243 67.97118378619741 62.87643862574062
18.3 4.097841082158923 0.9525413749207995 68.23001543201043 63.10187598327457
18.3 3.9977909318991123 0.8517309035985793 68.13001543201044 63.00187598327456
18.35 4.097839785653223 0.9521326911505243 68.38879623372759 63.227377694027496
18.35 3.9977922283712113 0.8513359550108565 68.2887962337276 63.12737769402749
18.4 4.097838489181124 0.9517309035985794 68.54752702760904 63.352942647291584
18.4 3.997793524809709 0.8509477879166979 68.44752702760904 63.25294264729159
18.45 4.0978371927426265 0.9513359550108565 68.7062086440195 63.47856974248187
18.45 3.997794821214608 0.8505663446445182 68.6062086440195 63.37856974248187
18.5 4.0978358963377275 0.950947787916698 68.86484190736464 63.60425788914145
18.5 3.9977961175859082 0.8501915673371591 68.76484190736464 63.50425788914144
18.55 4.097834599966427 0.9505663446445183 69.02342763603015 63.73000600694476
18.55 3.9977974139236103 0.8498233979669779 68.92342763603015 63.63000600694477
18.6 4.097833303628725 0.9501915673371591 69.1819666423234 63.85581302569874
18.6 3.9977987102277157 0.849461778350672 69.08196664232341 63.75581302569873
18.65 4.0978320073246195 0.949823397966978 69.34045973241733 63.98167788534194
18.65 3.9978000064982253 0.849106650163841 69.24045973241734 63.88167788534193
18.7 4.097830711054111 0.9494617783506721 69.49890770629706 64.1075995359419
18.7 3.9978013027351382 0.8487579549552904 69.39890770629707 64.0075995359419
18.75 4.0978294148171965 0.9491066501638411 69.65731135770875 64.23357693769043
18.75 3.9978025989384585 0.8484156341610772 69.55731135770876 64.13357693769044
18.8 4.097828118613876 0.9487579549552905 69.81567147411091 64.35960906089716
18.8 3.9978038951081847 0.8480796291183019 69.71567147411092 64.25960906089716
18.85 4.097826822444149 0.9484156341610773 69.9739888366281 64.48569488598126
18.85 3.9978051912443187 0.8477498810786459 69.8739888366281 64.38569488598127
18.9 4.097825526308015 0.948079629118302 70.13226422000675 64.61183340346136
18.9 3.9978064873468613 0.84742633122166 70.03226422000675 64.51183340346137
18.95 4.097824230205473 0.947749881078646 70.2904983925737 64.7380236139439
18.95 3.9978077834158126 0.8471089206678046 70.1904983925737 64.6380236139439
19.0 4.097822934136522 0.9474263312216601 70.44869211619645 64.8642645281095
19.0 3.9978090794511743 0.8467975904912434 70.34869211619646 64.7642645281095
19.05 4.097821638101161 0.9471089206678047 70.60684614624607 64.9905551666981
19.05 3.9978103754529473 0.8464922817323937 70.50684614624608 64.8905551666981
19.1 4.097820342099388 0.9467975904912435 70.76496123156204 65.11689456049214
19.1 3.9978116714211316 0.8461929354102368 70.66496123156205 65.01689456049215
19.15 4.097819046131204 0.9464922817323937 70.92303811441938 65.24328175029844
19.15 3.9978129673557286 0.8458994925343871 70.82303811441939 65.14328175029844
19.2 4.097817750196607 0.9461929354102369 71.08107753049792 65.36971578692834
19.2 3.997814263256739 0.845611894116927 70.98107753049793 65.26971578692834
19.25 4.097816454295597 0.9458994925343872 71.23908020885348 65.49619573117657
19.25 3.997815559124164 0.8453300811840057 71.13908020885349 65.39619573117658
19.3 4.097815158428172 0.9456118941169271 71.39704687189135 65.62272065379855
19.3 3.9978168549580033 0.8450539947872067 71.29704687189135 65.52272065379856
19.35 4.0978138625943314 0.9453300811840057 71.55497823534157 65.74928963548628
19.35 3.9978181507582597 0.8447835760146859 71.45497823534157 65.64928963548628
19.4 4.097812566794074 0.9450539947872068 71.71287500823644 65.87590176684293
19.4 3.9978194465249333 0.8445187660020814 71.61287500823644 65.77590176684294
19.45 4.097811271027401 0.944783576014686 71.87073789288975 66.00255614835606
19.45 3.9978207422580243 0.8442595059431999 71.77073789288976 65.90255614835607
19.5 4.097809975294309 0.9445187660020815 72.02856758487808 66.12925189036949
19.5 3.9978220379575347 0.8440057371004775 71.92856758487808 66.0292518903695
19.55 4.0978086795948 0.9442595059432 72.18636477302398 66.25598811305396
19.55 3.9978233336234643 0.8437574008152237 72.08636477302399 66.15598811305397
19.6 4.09780738392887 0.9440057371004776 72.34413013938098 66.38276394637653
19.6 3.9978246292558146 0.8435144385176441 72.24413013938099 66.28276394637653
19.65 4.09780608829652 0.9437574008152237 72.50186435922039 66.50957853006882
19.65 3.997825924854586 0.8432767917366492 72.4018643592204 66.40957853006883
19.7 4.0978047926977474 0.9435144385176442 72.65956810102006 66.63643101359402
19.7 3.99782722041978 0.8430444021094486 72.55956810102006 66.53643101359403
19.75 4.097803497132554 0.9432767917366492 72.81724202645461 66.76332055611276
19.75 3.997828515951397 0.8428172113909355 72.71724202645461 66.66332055611277
19.8 4.0978022016009366 0.9430444021094487 72.97488679038776 66.89024632644794
19.8 3.9978298114494377 0.8425951614628598 72.87488679038776 66.79024632644794
19.85 4.097800906102896 0.9428172113909356 73.13250304086598 67.01720750304841
19.85 3.9978311069139036 0.8423781943427975 73.03250304086599 66.91720750304842
19.9 4.09779961063843 0.9425951614628599 73.29009141911418 67.14420327395165
19.9 3.997832402344795 0.8421662521929135 73.19009141911418 67.04420327395165
19.95 4.097798315207539 0.9423781943427976 73.44765255953271 67.27123283674544
19.95 3.9978336977421143 0.8419592773285238 73.34765255953272 67.17123283674545
20.0 4.097797019810221 0.9421662521929136 73.60518708969614 67.39829539852845
20.0 3.99783499310586 0.8417572122264577 73.50518708969615 67.29829539852845
20.05 4.097795724446476 0.9419592773285239 73.76269563035359 67.52539017586999
20.05 3.9978362884360337 0.8415599995332219 73.6626956303536 67.42539017586999
20.1 4.097794429116302 0.9417572122264578 73.92017879543049 67.65251639476877
20.1 3.997837583732637 0.8413675820729704 73.8201787954305 67.55251639476877
20.15 4.097793133819699 0.941559999533222 74.07763719203213 67.77967329061067
20.15 3.9978388789956703 0.841179902855281 73.97763719203213 67.67967329061068
20.2 4.097791838556665 0.9413675820729704 74.23507142044835 67.90686010812593
20.2 3.9978401742251344 0.8409969050827416 74.13507142044836 67.80686010812593
20.25 4.097790543327201 0.9411799028552811 74.39248207415984 68.03407610134497
20.25 3.9978414694210307 0.8408185321583476 74.29248207415985 67.93407610134497
20.3 4.097789248131305 0.9409969050827417 74.5498697398459 68.16132053355395
20.3 3.9978427645833583 0.8406447276927136 74.44986973984591 68.06132053355395
20.35 4.097787952968976 0.9408185321583477 74.70723499739347 68.28859267724916
20.35 3.9978440597121208 0.8404754355111019 74.60723499739348 68.18859267724916
20.4 4.097786657840214 0.9406447276927137 74.8645784199076 68.41589181409071
20.4 3.9978453548073176 0.8403105996602676 74.76457841990761 68.31589181409072
20.45 4.097785362745016 0.940475435511102 75.02190057372326 68.54321723485559
20.45 3.9978466498689493 0.8401501644151265 74.92190057372326 68.4432172348556
20.5 4.097784067683384 0.9403105996602676 75.17920201841835 68.67056823938978
20.5 3.9978479448970177 0.8399940742852445 75.07920201841836 68.57056823938979
20.55 4.097782772655316 0.9401501644151266 75.33648330682807 68.79794413655995
20.55 3.997849239891523 0.8398422740211527 75.23648330682808 68.69794413655995
20.6 4.097781477660811 0.9399940742852446 75.49374498506049 68.92534424420418
20.6 3.997850534852466 0.8396947086204896 75.3937449850605 68.82534424420419
20.65 4.097780182699868 0.9398422740211528 75.6509875925133 69.05276788908219
20.65 3.997851829779848 0.8395513233339721 75.55098759251331 68.9527678890822
20.7 4.097778887772486 0.9396947086204896 75.80821166189187 69.18021440682494
20.7 3.9978531246736697 0.8394120636712002 75.70821166189188 69.08021440682495
20.75 4.097777592878664 0.9395513233339722 75.96541771922826 69.30768314188357
20.75 3.997854419533932 0.8392768754062937 75.86541771922826 69.20768314188358
20.8 4.0977762980184025 0.9394120636712003 76.12260628390148 69.4351734474777
20.8 3.997855714360635 0.8391457045833649 76.02260628390148 69.3351734474777
20.85 4.097775003191699 0.9392768754062938 76.27977786865885 69.56268468554326
20.85 3.997857009153781 0.8390184975218313 76.17977786865886 69.46268468554327
20.9 4.097773708398553 0.939145704583365 76.43693297963844 69.69021622667974
20.9 3.99785830391337 0.8388952008215668 76.33693297963845 69.59021622667974
20.95 4.097772413638964 0.9390184975218314 76.59407211639247 69.81776745009685
20.95 3.9978595986394025 0.8387757613678963 76.49407211639247 69.71776745009686
21.0 4.097771118912931 0.9388952008215669 76.75119577191172 69.94533774356073
21.0 3.9978608933318807 0.8386601263364346 76.65119577191173 69.84533774356073
21.05 4.097769824220453 0.9387757613678964 76.90830443265111 70.07292650333967
21.05 3.997862187990804 0.8385482431977728 76.80830443265111 69.97292650333968
21.1 4.09776852956153 0.9386601263364347 77.06539857855594 70.20053313414932
21.1 3.997863482616174 0.838440059722012 76.96539857855595 70.10053313414933
21.15 4.09776723493616 0.9385482431977729 77.22247868308938 70.32815704909747
21.15 3.9978647772079916 0.8383355239831497 77.12247868308938 70.22815704909748
21.2 4.097765940344342 0.938440059722012 77.37954521326068 70.45579766962847
21.2 3.9978660717662575 0.8382345843633182 77.27954521326069 70.35579766962847
21.25 4.097764645786076 0.9383355239831498 77.53659862965424 70.58345442546701
21.25 3.9978673662909725 0.8381371895568785 77.43659862965424 70.48345442546702
21.3 4.097763351261361 0.9382345843633183 77.69363938645962 70.71112675456183
21.3 3.997868660782138 0.8380432885743707 77.59363938645963 70.61112675456184
21.35 4.097762056770196 0.9381371895568786 77.85066793150247 70.83881410302877
