[0.00464355617371548, 0.0072626724947586485]
[0.0044170873281002, 0.007129322062729537]
[0.0042016634273360776, 0.00699170411750627]
[0.003996745882440367, 0.006850551982714448]
[0.0038018222812212787, 0.006706537752424635]
[0.0036164052148417447, 0.006560276314485927]
[0.0034400310487678887, 0.006412329424519858]
[0.0032722587578037365, 0.006263209357329824]
[0.003112668813509689, 0.0061133824780298385]
[0.0029608621630815013, 0.0059632724075816546]
[0.0028164592088616436, 0.005813263149154757]
[0.0026790988736969668, 0.00566370189887877]
[0.0025484376788979662, 0.005514901785236281]
[0.0024241489067310107, 0.005367144296581916]
[0.002305921769510444, 0.005220681668799632]
[0.002193460637720468, 0.005075739051390471]
[0.002086484300064695, 0.004932516551857891]
[0.001984725259954412, 0.004791191144084994]
[0.0018879290667962456, 0.004651918448103309]
[0.0017958536796854885, 0.00451483439229472]
[0.0017082688621944397, 0.0043800567639009635]
[0.0016249556066585402, 0.004247686655225014]
[0.001545705586542545, 0.004117809811917894]
[0.0014703206355171083, 0.003990497889446498]
[0.0013986122519379363, 0.003865809623518679]
[0.0013304011275252492, 0.003743791919728512]
[0.00126551669889996, 0.003624480868162916]

[0.004753879319327803, 0.010614814916753312]
[0.004522029987140019, 0.010323225691868165]
[0.004301487969098572, 0.010034830458075517]
[0.004091701923422564, 0.009750011102756917]
[0.0038921472655817357, 0.0094691048146755]
[0.003702324984884986, 0.00919240742047854]
[0.003521760467180002, 0.008920176438001803]
[0.0033500021860877194, 0.008652634399620274]
[0.0031866206494189364, 0.008389971479872083]
[0.003031207325013191, 0.00813234811321173]
[0.0028833735962301987, 0.007879897505653766]
[0.0027427498081516455, 0.007632727854538945]
[0.002608984320377525, 0.007390924544487865]
[0.002481742653777791, 0.007154552033046713]
[0.0023607066364197404, 0.00692365574446141]
[0.002245573615141827, 0.006698263750182898]
[0.0021360556975872913, 0.006478388357181952]
[0.0020318790318901714, 0.00626402758040312]
[0.0019327831221372938, 0.006055166506559573]
[0.0018385201769336446, 0.0058517785602214545]
[0.0017488544898166536, 0.005653826676716989]
[0.001663561849864048, 0.005461264388488374]
[0.0015824289810486558, 0.00527403683043115]
[0.0015052530089382232, 0.005092081669520354]
[0.0014318409534030963, 0.004915329963741222]
[0.0013620092461037459, 0.004743706954865257]
[0.001295583271346823, 0.004577132800206218]

[0.012196564320453573, 0.003136779131005074]
[0.011601730775635977, 0.002403710220124311]
[0.011035907685319701, 0.001734684456762503]
[0.010497680115140184, 0.001125198881315126]
[0.009985702173026745, 0.0005710370043095214]
[0.009498693805342517, 6.825277706776212e-05]
[0.009035436999503488, 0.00038684792869847495]
[0.008594773541066414, 0.000797719788733664]
[0.008175601489416151, 0.001167594608429301]
[0.0077768726995502135, 0.0014994939803154583]
[0.007397590139490512, 0.001796242310753593]
[0.007036805412863764, 0.00206047880184701]
[0.006693616361101579, 0.0022946688937044435]
[0.006367164838900485, 0.0025011148146112383]
[0.006056634545442835, 0.0026819657331813573]
[0.005761248992992352, 0.002839227171107739]
[0.005480269563954199, 0.00297476990655543]
[0.005212993663362753, 0.003090338349831967]
[0.004958752962267776, 0.003187558418515035]
[0.004716911726483253, 0.0032679449466881394]
[0.004486865226949743, 0.003332908652625033]
[0.0042680382275929185, 0.0033837626912491814]
[0.004059883546931764, 0.003421728815092173]
[0.0038618806898419455, 0.003447943166354772]
[0.003673534546045243, 0.003463461721413985]
[0.0034943741521413774, 0.00346926540754966]
[0.003323951513751533, 0.0034662649126389056]

[0.008268788891170775, 0.0036162820497844805]
[0.007865515304957826, 0.0038331895387383463]
[0.007481909588806346, 0.004020338194549944]
[0.007117012550799773, 0.0041801146221760455]
[0.006769911732380729, 0.00431474369749027]
[0.006439739268453648, 0.004426298020440866]
[0.006125669458544869, 0.004516708451906271]
[0.005826917037465518, 0.004587771818404085]
[0.00554273493923324, 0.00464116029617756]
[0.005272412565647366, 0.0046784288669471374]
[0.005015273967686612, 0.0047010229056496655]
[0.004770676171635048, 0.004710285115072876]
[0.004538007547403078, 0.004707462184573741]
[0.004316686307818618, 0.004693710860220968]
[0.004106159032442103, 0.004670103831785566]
[0.0039058992932846093, 0.004637635145283703]
[0.003715406336874061, 0.004597225327335419]
[0.003534203831564886, 0.004549726194267745]
[0.003361838676728124, 0.004495925363473763]
[0.0031978798696905564, 0.004436550489795632]
[0.0030419174280319483, 0.004372273240783819]
[0.0028935613644111013, 0.00430371302700383]
[0.002752440711393578, 0.004231440501645256]
[0.0026182025938399356, 0.004155980843052465]
[0.002490511346534996, 0.00407781683306041]
[0.002369047674903424, 0.003997391742972312]
[0.0022535078564296374, 0.003915112039914348]

[0.005587779998852849, 0.003340997110187427]
[0.005315260766700636, 0.003443817713887465]
[0.005056032433808255, 0.0035286623886873203]
[0.0048094468211286046, 0.0035970398394592484]
[0.004574887319205412, 0.003650354554459029]
[0.0043517674466568845, 0.0036899129734481867]
[0.004139529232029648, 0.003716930292220866]
[0.003937642011752507, 0.0037325355533177618]
[0.003745600943941274, 0.0037377776958671394]
[0.003562925829679181, 0.00373363041926833]
[0.0033891598843606985, 0.003720997115808977]
[0.0032238686075213158, 0.0037007153707699914]
[0.003066638679148387, 0.0036735612910054893]
[0.002917076945936181, 0.003640253440278185]
[0.0027748094245518273, 0.0036014566562230232]
[0.0026394803719767546, 0.0035577855613033726]
[0.0025107513951922455, 0.003509807881869609]
[0.002388300604682314, 0.0034580475619869766]
[0.00227182180969987, 0.0034029876829198002]
[0.002161023752583424, 0.003345073202977833]
[0.0020556293804777637, 0.003284713526940042]
[0.001955375152555394, 0.003222284915635143]
[0.0018600103810261226, 0.003158132745047393]
[0.0017692966042878178, 0.003092573623895145]
[0.0016830069906478284, 0.003025897378122089]
[0.0016009257711592229, 0.002958368910089604]
[0.0015228476999782359, 0.0028902299407560506]

[0.00995440857744434, 0.010752702101650025]
[0.009468926421099866, 0.010701732791817409]
[0.009007121414048136, 0.0106301592426844]
[0.008567838916478943, 0.010540112214141972]
[0.008149980465764317, 0.010433563964992676]
[0.007752501235183562, 0.010312338061015572]
[0.007374407275214989, 0.01017811980466643]
[0.007014753194040935, 0.010032464685669873]
[0.006672639641485234, 0.009876807598641069]
[0.006347211164361405, 0.009712470570644949]
[0.006037654018367117, 0.00954067050723828]
[0.005743194159696027, 0.009362526214804268]
[0.005463095273579868, 0.009179065194187208]
[0.0051966569730929335, 0.008991229751121432]
[0.004943213021916304, 0.008799882952730265]
[0.004702129677948141, 0.008605814081121599]
[0.00447280410743961, 0.008409743781332413]
[0.004254662876969517, 0.008212328881448183]
[0.00404716051985643, 0.008014166901947561]
[0.0038497781721194, 0.007815800278828444]
[0.0036620222750769482, 0.007617720315215681]
[0.003483423341188896, 0.0074203708787146105]
[0.003313534780091887, 0.007224151859739791]
[0.0031519317818925474, 0.007029422405322894]
[0.002998210254919642, 0.006836503942105665]
[0.0028519858153444044, 0.006645683001114122]
[0.0027128928258317586, 0.006457213857778754]

[0.007987659180661133, 0.01059897374991503]
[0.007598096296142609, 0.009702150960525069]
[0.007227532773211642, 0.008867594809330859]
[0.00687504184068688, 0.008091365009025853]
[0.00653974205497021, 0.007369757218859574]
[0.006220795153908609, 0.006699290443810305]
[0.005917403352688644, 0.006076691901424458]
[0.0056288081867501005, 0.005498887743835779]
[0.005354287973854621, 0.004962989431828824]
[0.005093156268876825, 0.004466283772951107]
[0.004844760106105683, 0.004006222538042614]
[0.004608478368092091, 0.0035804128448160277]
[0.004383720224524143, 0.0031866080305507083]
[0.0041699236662316175, 0.00282269913819877]
[0.003966554089239183, 0.00248670677203755]
[0.003773102963510855, 0.00217677350311285]
[0.0035890865605248123, 0.0018911566783241796]
[0.0034140447434082843, 0.0016282216412695227]
[0.0032475398164535374, 0.001386435343672332]
[0.003089155430611612, 0.0011643603222646348]
[0.002938495542418984, 0.0009606490218789787]
[0.0027951834236799034, 0.0007740384448000626]
[0.0026588607194492075, 0.0006033451081850494]
[0.002529186551959217, 0.00044746029221798267]
[0.0024058366682465637, 0.00030534556263450696]
[0.002288502629390843, 0.0001760285524046168]
[0.0021768910391364305, 5.8598986726554614e-05]

[0.005037656610086483, 0.00459465856695207]
[0.004791967126917873, 0.004130976122577512]
[0.004558260134157832, 0.003701593014896032]
[0.004335951164029295, 0.0033042666309953117]
[0.0041244843086760685, 0.0029368913409895947]
[0.003923330879550657, 0.002597491069158256]
[0.0037319877515303856, 0.0022842104780547157]
[0.0035499765621946344, 0.0019953093988073767]
[0.003376842162955307, 0.0017291549057502076]
[0.0032121516276257256, 0.0014842154469240088]
[0.003055493143543364, 0.0012590547471975633]
[0.002906474984983389, 0.0010523261761914426]
[0.0027647245263435344, 0.0008627673915451162]
[0.0026298873200673034, 0.0006891953626171343]
[0.0025016262019870728, 0.0005305015979595318]
[0.0023796204524018094, 0.00038564770687110617]
[0.0022635649934452107, 0.0002536611964298885]
[0.002153169626007423, 0.00013363151240319837]
[0.0020481583041753737, 2.4706311257283176e-05]
[0.0019482684449440013, 7.391205217111008e-05]
[0.0018532502716350763, 0.00016296983258756725]
[0.0017628661893221986, 0.0002431650096745841]
[0.0016768901907209255, 0.0003151502218856628]
[0.0015951072910512787, 0.0003795355288782609]
[0.0015173129904654248, 0.00043689101235822037]
[0.0014433127627178077, 0.0004877492243480219]
[0.001372921568662866, 0.0005326074923588386]

[0.012023890465298948, 0.0016601256932879949]
[0.011437478340537988, 0.0010072866439392314]
[0.010879665934652172, 0.0004141773494233947]
[0.010349058364410801, 0.0001234752468797784]
[0.009844328793095491, 0.0006096698887459728]
[0.0093642152797897, 0.001048146457016605]
[0.008907517071904625, 0.0014424037247668942]
[0.008473092342158539, 0.0017957114613684766]
[0.008059854752336115, 0.0021111263169388828]
[0.007666770997283745, 0.0023915040199801174]
[0.007292858160399651, 0.0026395119092845754]
[0.006937181272750226, 0.0028576404496158947]
[0.006598850947661952, 0.0030482142381622612]
[0.00627702118922302, 0.003213402136357235]
[0.005970887253441998, 0.003355227027696861]
[0.005679683645770095, 0.0034755748574564205]
[0.005402682205657761, 0.0035762031820953943]
[0.0051391902851828375, 0.0036587492094772855]
[0.00488854901731639, 0.0037247373561553054]
[0.004650131668330171, 0.0037755863554749247]
[0.004423342070665637, 0.003812615939932318]
[0.004207613132198973, 0.003837053123303402]
[0.0040024054182156155, 0.003850038105460918]
[0.003807205802542568, 0.0038526298217660404]
[0.003621526184465318, 0.0038458111576558096]
[0.0034449022682867536, 0.003830493847550187]
[0.003276892402143572, 0.0038075230781569047]

[0.0001941908511742252, 0.011863214820657442]
[0.00018472018191384443, 0.011293874980166652]
[0.00017571126045279328, 0.01075185176853144]
[0.00016714171967735503, 0.010235834857189041]
[0.0001589901371451541, 0.009744576744168093]
[0.00015123605008782182, 0.009276890079115252]
[0.00014386019940171302, 0.008831643766937458]
[0.0001368440568812468, 0.008407761619260212]
[0.00013017009124893786, 0.008004218758659976]
[0.00012382161959006988, 0.00762003948982215]
[0.000117782765887392, 0.007254294924443183]
[0.00011203843354302967, 0.006906100705594609]
[0.00010657425444492163, 0.006574614911839305]
[0.00010137656686368124, 0.006259035986292849]
[9.643237342138455e-05, 0.005958600817548287]
[9.172931106610216e-05, 0.005672582892038758]
[8.725561977712681e-05, 0.00540029054074731]
[8.300011298295606e-05, 0.005141065268811751]
[7.895214970543574e-05, 0.004894280164405185]
[7.51016079266753e-05, 0.0046593383844788505]
[7.143885928639904e-05, 0.004435671712939904]
[6.79547450053164e-05, 0.004222739187979663]
[6.464055298271987e-05, 0.004020025795205662]
[6.148799601235488e-05, 0.003827041223411598]
[5.8489191059774015e-05, 0.0036433186800004513]
[5.563663956043019e-05, 0.003468413763198175]
[5.29232086325937e-05, 0.003301903388337024]

[0.009397435493043282, 0.01787748741151196]
[0.00893911731524022, 0.017452547754597703]
[0.00850315139643465, 0.017026534575581787]
[0.00808844780586293, 0.016600563085471365]
[0.0076939695468030145, 0.016175642567100135]
[0.007318730199726731, 0.015752683734964468]
[0.0069617915159478905, 0.015332505862521661]
[0.006622260943891456, 0.014915843756950098]
[0.006299289462928626, 0.014503353957901921]
[0.005992069488094692, 0.014095620520793384]
[0.005699832805091842, 0.013693160654808523]
[0.005421848681848612, 0.013296429753417716]
[0.005157421999275491, 0.012905826329724146]
[0.004905891560508802, 0.012521696329628629]
[0.004666628405930184, 0.012144337413261042]
[0.004439034252862295, 0.011774002801573369]
[0.004222539997651986, 0.011410904909039843]
[0.004016604291844583, 0.011055218724488114]
[0.0038207121889335394, 0.010707084954662882]
[0.003634373856619133, 0.010366612952516174]
[0.0034571233520110933, 0.010033883440617952]
[0.0032885174565225883, 0.009708951043713387]
[0.003128134567591201, 0.009391846642349044]
[0.0029755736444553316, 0.009082579558966852]
[0.0028304532053410325, 0.0087811395872599]
[0.002692410373628995, 0.008487498874593769]
[0.002561099970246783, 0.008201613668369134]

[0.007553008146738094, 0.010399451625763723]
[0.007184643447535777, 0.009533032282853848]
[0.006834244257983624, 0.008726388574268773]
[0.006500934232699818, 0.007975750864029574]
[0.006183879891805466, 0.0072775747567341564]
[0.005882288590500773, 0.006628529091553689]
[0.005595405950735599, 0.006025481495821383]
[0.005322514783262677, 0.00546548956859616]
[0.005062932675906462, 0.0049457878696005375]
[0.004816010536468712, 0.004463778427266196]
[0.004581130930628868, 0.004017020838401164]
[0.004357706539166797, 0.0036032230970317602]
[0.004145178682203612, 0.003220232891531838]
[0.003943015932169475, 0.0028660294819706778]
[0.003750712775932391, 0.0025387159356182742]
[0.0035677883552718836, 0.002236511880282732]
[0.003393785263889504, 0.0019577466453024606]
[0.003228268403408341, 0.0017008527942530272]
[0.0030708238954715306, 0.0014643600295882742]
[0.0029210580467977643, 0.0012468894456065804]
[0.0027785963647553036, 0.0010471481112759307]
[0.0026430826209343783, 0.0008639239639758323]
[0.002514177960389219, 0.0006960809968257209]
[0.002391560054324837, 0.000542554723091726]
[0.0022749222941073066, 0.00040234790210469384]
[0.002163973024616128, 0.00027452651217885204]
[0.002058434814851573, 0.00015821595552401035]

[0.012912345064886255, 0.010878954544543129]
[0.012282602633058026, 0.010962511601467884]
[0.011683573016142423, 0.011012042312056214]
[0.01111375843324014, 0.011030666604890493]
[0.010571734013602008, 0.011021281449914905]
[0.010056144483295393, 0.010986574334926794]
[0.009565700507312758, 0.010929037876426129]
[0.009099175795269254, 0.01085098117573391]
[0.00865540375274293, 0.010754542774207398]
[0.008233274728728868, 0.010641701274528792]
[0.007831733176548256, 0.010514286054804423]
[0.007449775045332015, 0.010373987013951647]
[0.007086445226301044, 0.010222363969810022]
[0.006740835214549629, 0.010060855156802884]
[0.006412080801952547, 0.009890785500585197]
[0.006099359931005077, 0.009713374196674174]
[0.005801890636938756, 0.00952974187919331]
[0.005518929091519298, 0.009340917338352739]
[0.0052497677435243695, 0.009147843811577072]
[0.004993733549376045, 0.008951384882090352]
[0.004750186290226388, 0.008752330004684783]
[0.0045185169710696416, 0.008551399682228844]
[0.004298146297936123, 0.00834925031356315]
[0.004088523229357044, 0.008146478732498963]
[0.003889123598472932, 0.00794362645657909]
[0.003699448802428673, 0.0077411836627008235]
[0.0035190245553295973, 0.007539592908077264]

[0.0009442238251373691, 0.0039216753845712216]
[0.0008981734386004359, 0.0036855043488420725]
[0.0008543690064721776, 0.0034630417288189497]
[0.0008127009386882378, 0.0032535121432551994]
[0.0007730650379841331, 0.0030561831979656062]
[0.0007353622318151398, 0.0028703633410377405]
[0.0006994981832617597, 0.0026953991322989923]
[0.0006653832539487703, 0.0025306738040120624]
[0.0006329321304315849, 0.002375604782162699]
[0.0006020636665976797, 0.0022296419883133245]
[0.0005727006754990549, 0.00209226603334578]
[0.000544769733824349, 0.001962986528108779]
[0.0005182010002504206, 0.001841340494230792]
[0.0004929280392051705, 0.001726890856303731]
[0.0004688876550413834, 0.0016192250125766083]
[0.0004460197342562866, 0.0015179534900870983]
[0.0004242670951275507, 0.0014227086699882818]
[0.00040357534472790224, 0.0013331435820980175]
[0.0003838927429036243, 0.001248930765183509]
[0.0003651700728979357, 0.0011697611893168869]
[0.0003473605182833239, 0.0010953432369609217]
[0.00033041954589685396, 0.0010254017395898707]
[0.0003143047944835775, 0.0009596770668705012]
[0.0002989759687707094, 0.0008979242655513531]
[0.0002843947387098922, 0.0008399122453965902]
[0.00027052464363397366, 0.0007854230096389081]
[0.0002573310010782759, 0.0007342509274068654]

[0.005310852403728861, 0.003490029606891376]
[0.005051839092999666, 0.0035724107290878715]
[0.004805457986712058, 0.0036384551251781305]
[0.004571093034038576, 0.0036895602314275244]
[0.004348158184543038, 0.003727026212568041]
[0.004136096020341817, 0.0037520617465296446]
[0.0039343762264471005, 0.003765790380146572]
[0.003742494436237198, 0.0037692553283400487]
[0.003559970827975545, 0.00376342512061123]
[0.0033863490012799036, 0.0037491981630632942]
[0.003221194809505473, 0.003727407358083523]
[0.0030640952859990606, 0.0036988243159254974]
[0.002914657594681902, 0.0036641634089509267]
[0.002772508066361923, 0.0036240854545395162]
[0.00263729125240586, 0.003579201283930633]
[0.0025086690402276735, 0.003530075029731128]
[0.0023863198073749148, 0.003477227229474522]
[0.0022699376170151053, 0.003421137737363189]
[0.002159231453060184, 0.003362248453844252]
[0.0020539244924339117, 0.0033009658865337244]
[0.0019537534128825085, 0.003237663551314718]
[0.0018584677345303557, 0.003172684223489597]
[0.0017678291935493418, 0.0031063420478218973]
[0.001681611146375439, 0.0030389245158763956]
[0.0015995980029817058, 0.002970694318586986]
[0.0015215846878191552, 0.0029018910813856102]
[0.0014473761269317986, 0.002832732989615838]

[0.0033441030069456534, 0.01786164624467368]
[0.003181008968042409, 0.016831473023254606]
[0.0030258693458755648, 0.01585929892683713]
[0.002878295958246513, 0.0149419169917403]
[0.0027379197737489314, 0.014076294971284209]
[0.0026043899390668646, 0.013259566758296232]
[0.002477372303920755, 0.012489021325944316]
[0.002356549428946364, 0.011762097101165603]
[0.002241619160344932, 0.011076371909858662]
[0.0021322941057953237, 0.010429556180532762]
[0.0020283008972440397, 0.009819485687197371]
[0.001929379494395124, 0.009244114743694798]
[0.0018352825456261768, 0.00870150981578699]
[0.0017457747595006068, 0.008189843434780686]
[0.0016606323197287387, 0.007707388440837182]
[0.0015796423257903869, 0.007252512554503321]
[0.0015026022604601175, 0.00682367323018207]
[0.0014293194834538725, 0.006419412785354517]
[0.0013596107496572918, 0.006038353791775641]
[0.0012933017509261235, 0.005679194714559355]
[0.0012302266802245443, 0.005340705785779942]
[0.0011702278170213631, 0.005021725100025076]
[0.0011131551329066625, 0.0047211549201029435]
[0.0010588659164421088, 0.004437958181664481]
[0.0010072244163086275, 0.004171155186153186]
[0.0009581015018655936, 0.003919820472133129]
[0.0009113743402364705, 0.0036830798548894705]

[0.009681212783801962, 0.0026680139278065784]
[0.009209054455018073, 0.002998345940152025]
[0.00875992356149391, 0.003290111102610238]
[0.008332697046469661, 0.003546285351719136]
[0.007926306589897347, 0.0037696464114350403]
[0.007539736094392402, 0.003962785245327671]
[0.007172018800298274, 0.0041281189464651424]
[0.006822235319998371, 0.0042678999585224475]
[0.006489510976464996, 0.004384227572279631]
[0.006173013790707227, 0.004479056960657646]
[0.005871952352405008, 0.004554208401957194]
[0.005585573858680356, 0.0046113757226873275]
[0.005313162205241501, 0.004652134393691165]
[0.005054036226798314, 0.004677948933964782]
[0.004807547971497517, 0.0046901800708401]
[0.004573081090122277, 0.004690091344519365]
[0.0043500492935099055, 0.004678855355428002]
[0.004137894885961835, 0.004657559631681796]
[0.003936087370971619, 0.004627212136846026]
[0.00374412212462949, 0.00458874644446583]
[0.003561519133829516, 0.004543026596488531]
[0.003387821795980739, 0.004490851664899598]
[0.0032225957772634706, 0.004432960033803557]
[0.003065427926568387, 0.004370033418324759]
[0.002915925242403361, 0.004302700635876899]
[0.002773713890243057, 0.004231541144076534]
[0.002638438267562826, 0.004157088360521755]

[0.007380334291583468, 0.008922798188046643]
[0.007020391012437788, 0.008136608706668769]
[0.006678002507316094, 0.007405881466929665]
[0.006352312481970435, 0.0067270767358346695]
[0.006042506511874213, 0.006096867863678662]
[0.005747810064947956, 0.005512129857469322]
[0.005467486023136736, 0.004969925699752964]
[0.005200833584354803, 0.004467497895961348]
[0.004947185938826426, 0.004002256161090956]
[0.004705908834202244, 0.003571768387601537]
[0.004476398951538008, 0.0031737512398701817]
[0.004258082399053259, 0.0028060614492628755]
[0.004050413268763986, 0.00246668754707402]
[0.003852872282492009, 0.002153742160224681]
[0.0036649654839315537, 0.0018654546411027706]
[0.003486223008049627, 0.0016001641939340505]
[0.0033161979055930657, 0.0013563133697624963]
[0.0031544650252284256, 0.0011324419346077086]
[0.0030006199505201447, 0.0009271810919480039]
[0.0028542779886446823, 0.0007392480368197951]
[0.002715073208471197, 0.0005674408239686457]
[0.0025826575255404327, 0.00041063353192161145]
[0.0024566998316730704, 0.00026777170645697623]
[0.00233688516702546, 0.00013786806768045778]
[0.0022229139325273817, 1.9998465862869352e-05]
[0.0021145011407615044, 8.670192782167518e-05]
[0.002011375703243612, 0.0001830422099939888]

[0.004837747024889705, 0.01912588731541609]
[0.004601807510014044, 0.01842319704289619]
[0.004377374687788871, 0.01774355588603771]
[0.004163887602117722, 0.01708638683990349]
[0.003960812418366433, 0.016451114496592728]
[0.0037676412649295665, 0.01583716639360118]
[0.0035838912481696017, 0.015243973191457316]
[0.0034091028146849833, 0.014670970976590036]
[0.003242838904758627, 0.014117601236689814]
[0.003084683782671571, 0.013583311897403805]
[0.0029342419747490356, 0.01306755807359794]
[0.0027911373072399964, 0.012569802604473379]
[0.002655011933342888, 0.012089516697075586]
[0.002525525473594692, 0.011626180282874765]
[0.0024023541429318285, 0.011179282486347919]
[0.00228518994878657, 0.010748321943429229]
[0.0021737399198418217, 0.0103328070926052]
[0.002067725372937368, 0.009932256412896745]
[0.0019668812165016814, 0.009546198612508494]
[0.0018709552876121638, 0.00917417277677357]
[0.0017797077214808388, 0.008815728476840867]
[0.0016929103516638566, 0.008470425843204676]
[0.001610346139525265, 0.008137835607123556]
[0.0015318086315294632, 0.007817539112858096]
[0.0014571014429977103, 0.00750912830351913]
[0.0013860377670856794, 0.007212205682926687]
[0.0013184399075325537, 0.00692638425649994]

[0.016950443639781376, 0.007478035785748238]
[0.016123760762775996, 0.007919515471743854]
[0.015337395654418273, 0.008300146001313013]
[0.014589382038562748, 0.008624812221441791]
[0.01387784943860848, 0.008898067810365978]
[0.013201018790227503, 0.009124154643410778]
[0.01255719746668349, 0.009307024366700278]
[0.011944775727154133, 0.009450354188353938]
[0.011362222138835087, 0.009557566088301384]
[0.010808080024563405, 0.009631842093527188]
[0.01028096373572071, 0.009676139816407359]
[0.00977955522101541, 0.009693206656385955]
[0.009302600681479103, 0.009685593438192308]
[0.008848907492678276, 0.009655666847657951]
[0.008417341181862575, 0.009605621477642767]
[0.008006822608134179, 0.009537490921290637]
[0.00761632526154149, 0.009453158263737382]
[0.007244872695252924, 0.009354365930235087]
[0.00689153608440507, 0.009242724925074608]
[0.006555431903416897, 0.009119723506909594]
[0.006235719716766397, 0.008986735329342022]
[0.005931600077456967, 0.008845027079737555]
[0.00564231252798042, 0.008695765645523323]
[0.005367133698780169, 0.008540024835875126]
[0.005105375499448339, 0.008378791685155207]
[0.004856383398245123, 0.008212972362414916]
[0.004619534785098356, 0.008043397712845124]

[0.0035149095718429724, 0.006998532866968832]
[0.003343485317817807, 0.006490036153129819]
[0.003180421619707774, 0.006014492263525573]
[0.003025310627377209, 0.0055698964805808715]
[0.0028777644667989932, 0.00515436111718523]
[0.002737414283568662, 0.004766109400037674]
[0.002603908991364867, 0.004403467986095533]
[0.0024769148513777983, 0.004064862581216189]
[0.002356114289814304, 0.0037488111836945226]
[0.0022412052406341754, 0.003453919246264592]
[0.0021319003714564133, 0.0031788746000041]
[0.0020279263634834024, 0.002922442739466069]
[0.001929023227025553, 0.002683462359914124]
[0.001834943654040827, 0.002460841172825745]
[0.0017454523960223622, 0.002253551912675844]
[0.0016603256781427822, 0.002060628604899195]
[0.0015793506392867696, 0.0018811630298465332]
[0.0015023247996747147, 0.001714301386135375]
[0.0014290555545908301, 0.00155924114308581]
[0.0013593596927569118, 0.0014152280704258224]
[0.0012930629382152947, 0.0012815534359331693]
[0.0012299995145470533, 0.0011575513614845434]
[0.001170011730344922, 0.0010425963287858941]
[0.0011129495849017124, 0.0009361008264678894]
[0.0010586703931318997, 0.0008375131306808115]
[0.001007038428799678, 0.000746315211892945]
[0.0009579245850828144, 0.0006620207602918704]

[0.010341659318180652, 0.01395581202694074]
[0.009837290753840655, 0.01376704340575563]
[0.009357520402906827, 0.013563492846762837]
[0.008901148744551168, 0.013347050942216165]
[0.008467034584787148, 0.013119459369134528]
[0.00805409243154187, 0.012882320393926727]
[0.00766128969920965, 0.01263710673022267]
[0.007287644197840226, 0.012385169952938035]
[0.0069322215933602105, 0.012127749175739222]
[0.006594133154692372, 0.01186597853248006]
[0.006272533480590897, 0.011600894621462743]
[0.005966618415672961, 0.011333443225308937]
[0.005675622999525912, 0.011064485835493354]
[0.005398819599713972, 0.010794805473324898]
[0.005135516060971568, 0.010525112400684433]
[0.004885053987118582, 0.01025604931148627]
[0.004646807092779537, 0.009988196239051561]
[0.0044201796365724855, 0.009722075142390096]
[0.004204604931837164, 0.009458154189479373]
[0.003999543929517069, 0.009196851763199287]
[0.0038044838702944173, 0.00893854020365703]
[0.0036189370024194423, 0.008683549304123517]
[0.0034424393620747784, 0.008432169575478543]
[0.003274549613226041, 0.0081846552934155]
[0.0031148479440509247, 0.00794122734186331]
[0.0029629350172629687, 0.00770207586495486]
[0.002818430971325059, 0.007467362740962269]

[0.014708287896772143, 0.021367517018403337]
[0.013990956408239885, 0.021024958483685574]
[0.013308609383146708, 0.020664989700759917]
[0.012659540839901506, 0.02029012331689889]
[0.012042127731346053, 0.019902668779668176]
[0.011454826220068548, 0.019504745481494112]
[0.010896167742394991, 0.019098296242668233]
[0.010364755380128654, 0.018685099085290147]
[0.00985926029090417, 0.01826677907851315]
[0.009378418489374596, 0.017844818683856678]
[0.008921027614597316, 0.017420568012892046]
[0.008485943967847673, 0.016995254069343213]
[0.008072079593957393, 0.016569989738675073]
[0.007678399626870724, 0.016145781784168145]
[0.007303919658336044, 0.015723538697191675]
[0.0069477032930899685, 0.015304077831304497]
[0.006608859805026901, 0.014888132138514365]
[0.0062865419088596886, 0.014476356461851303]
[0.0059799436419937235, 0.014069333408507134]
[0.005688298349053045, 0.013667578839049899]
[0.005410876764893602, 0.01327154699193267]
[0.005146985191052944, 0.012881635267202984]
[0.004895963761140543, 0.012498188690170942]
[0.004657184790830771, 0.012121504074843248]
[0.004430051208322738, 0.011751833905846887]
[0.00421399506144815, 0.011389389955979379]
[0.0040084760971785816, 0.011034346657984972]

[0.012741538499988936, 1.584116683828185e-05]
[0.012120126283282628, 0.0006210747313430964]
[0.011529020742310214, 0.0011672356487446578]
[0.010966743764109443, 0.0016586460937310643]
[0.010431889320551946, 0.0020993475958159258]
[0.009923120138793595, 0.002493116976668236]
[0.009439163819868646, 0.0028434845365773453]
[0.00897881037283782, 0.003153746655784495]
[0.008540908623273558, 0.003426982048043259]
[0.008124363593890016, 0.003666064340260622]
[0.007728133702335882, 0.0038736749676111515]
[0.007351228176243736, 0.004052315009722918]
[0.006992704544901668, 0.004204316513937156]
[0.006651666320009408, 0.004331852894847943]
[0.006327260725658923, 0.00443694897242386]
[0.006018676578652682, 0.004521490247070048]
[0.005725142258112104, 0.004587231678857773]
[0.005445923775298456, 0.004635805939133597]
[0.005180322938590831, 0.004668731162887241]
[0.004927675607545257, 0.00468741823795682]
[0.004687350032235638, 0.00469317765483801]
[0.0044587452735439514, 0.004687225943688311]
[0.004241289700497863, 0.004670691722246101]
[0.00403443956089744, 0.0046446213773023715]
[0.00383767762164966, 0.004609984401106715]
[0.0036505118754945887, 0.00456767840246064]
[0.0034724743104832534, 0.004518533813479664]

[0.00028377729075867997, 0.015209473483705382]
[0.00026993713977785383, 0.014454201814445677]
[0.00025677216505926026, 0.013736423472971548]
[0.0002442492406067309, 0.013054277733752229]
[0.00023233704309433278, 0.012405996155665094]
[0.00022100589466567122, 0.011789898489636796]
[0.00021022728435038385, 0.011204386916056519]
[0.00019997437610691504, 0.01064794379842765]
[0.0001902215135363705, 0.01011912638562229]
[0.00018094430261253458, 0.009616563560135738]
[0.00017211954731316537, 0.009138952252851329]
[0.00016372517683174367, 0.008685054030730388]
[0.00015574020596600957, 0.00825369193603298]
[0.0001481446662895125, 0.007843747395663847]
[0.00014091956556733232, 0.007454157342420942]
[0.00013404683725998234, 0.007083911457054004]
[0.00012750929585791937, 0.006732049553611841]
[0.00012129059411725152, 0.006397659092806318]
[0.00011537518203807995, 0.006079872817816856]
[0.00010974826801035675, 0.005777866508050344]
[0.00010439578181842268, 0.005490856844129421]
[9.930433945815054e-05, 0.00521809937881379]
[9.446120967226967e-05, 0.0049588866085454875]
[8.985428211305546e-05, 0.004712546140642093]
[8.547203706232853e-05, 0.004478438951383001]
[8.130351661406188e-05, 0.004255957730517235]
[7.733829731604303e-05, 0.00404452530784738]

[0.01677776978462675, 0.008954689223465317]
[0.015959508327678007, 0.009315939047928934]
[0.015181153903750744, 0.009620653108652122]
[0.014440760287833365, 0.009873486349636695]
[0.013736476058677227, 0.010078774703421473]
[0.013066540264674686, 0.010240553877495145]
[0.012429277539084627, 0.010362580162768698]
[0.011823094528246259, 0.01044834586098875]
[0.011246475401755052, 0.010501097796810965]
[0.010697978322296936, 0.010523852133191847]
[0.01017623175662985, 0.010519409414938341]
[0.009679931080901871, 0.01049036830415484]
[0.009207835268039477, 0.010439138782650126]
[0.00875876384300081, 0.010367954169403948]
[0.008331593889861738, 0.010278882772158271]
[0.007925257260911922, 0.010173838607639318]
[0.007538737903245052, 0.010054591539277347]
[0.007171069317073009, 0.009922776789880405]
[0.006821332139453684, 0.009779903862714878]
[0.006488651845263815, 0.00962736491569638]
[0.00617219656048229, 0.009466442616649307]
[0.005871174982063021, 0.009298317511791776]
[0.005584834399264271, 0.009124074935892068]
[0.005312458811480791, 0.008944711491286395]
[0.005053367137868414, 0.008761141121397031]
[0.0048069115143904995, 0.008574200802415444]
[0.004572475673490395, 0.008384655878363123]

[0.004559688468153578, 0.0012483999039041294]
[0.004337309805226175, 0.0009706492882984863]
[0.004125776708645779, 0.0007170213104559231]
[0.003924560203745209, 0.0004858237544321242]
[0.0037331571284365817, 0.00027547192949259336]
[0.003551088934797164, 8.448265863671145e-05]
[0.0033779002677782888, 8.853267106434526e-05]
[0.0032131581292064726, 0.00024487278036006144]
[0.0030564505581699986, 0.000385752721212107]
[0.002907385705423121, 0.0005123086233895791]
[0.0027655908303428067, 0.0006256025812105825]
[0.002630711374608616, 0.0007266271489443366]
[0.002502410065932603, 0.0008163096326485597]
[0.0023803660869141097, 0.0008955160467538636]
[0.002264274262998356, 0.0009650549269131226]
[0.002153844304075725, 0.0010256808581441401]
[0.0020488000778101645, 0.0010780978164346422]
[0.0019488789189072153, 0.001122962311591369]
[0.001853830972431858, 0.001160886342154388]
[0.0017634185690069692, 0.001192440175742604]
[0.0016774156305302546, 0.001218154963777085]
[0.0015956071048587317, 0.001238525200508711]
[0.001517788428065936, 0.0012540110352254885]
[0.0014437650129258683, 0.001265040446108756]
[0.0013733517623433222, 0.0012720112837407704]
[0.0013063726065433157, 0.0012752931916670818]
[0.0012426600627142292, 0.0012752294118691943]

[0.02046535321162435, 0.00047950291877940643]
[0.019467246080593803, 0.0014294793186140353]
[0.018517817274126047, 0.002285653737787441]
[0.017614692665939957, 0.0030549157408609195]
[0.016755613905407474, 0.0037437066931807483]
[0.015938433073796165, 0.004358045243373104]
[0.015161106458048357, 0.0049035563806047455]
[0.014421690578531932, 0.005385491607137749]
[0.013718336428649391, 0.005808754904606861]
[0.01304928526519758, 0.006177922847262596]
[0.012412864107177124, 0.0064972652164032585]
[0.011807481584498812, 0.006770763916919886]
[0.011231623908504657, 0.007002131078278184]
[0.010683851146719103, 0.007194825674832206]
[0.010162793577884938, 0.007352069564966923]
[0.009667148286276961, 0.007476862316391442]
[0.00919567590082826, 0.007571995233890849]
[0.008747197494927639, 0.007640064544099712]
[0.0083205916389959, 0.007683483781988798]
[0.007914791596173809, 0.0077044954364837714]
[0.007528782654981692, 0.007705181893408852]
[0.00716159959200402, 0.007687475718253012]
[0.006812324258325342, 0.007653169316737429]
[0.006480083283681881, 0.007603924009407237]
[0.006164045892580239, 0.0075412785544743954]
[0.005863421827044801, 0.007466657150521971]
[0.00557745937018117, 0.0073813769525532535]

[0.006608784321600725, 0.006477776241192501]
[0.006286470008935341, 0.005847527934011776]
[0.005979875251511446, 0.005263346845449823]
[0.00568823329401158, 0.004722238720774374]
[0.005410814853821333, 0.00422139155876855]
[0.005146926358685633, 0.003758165750515949]
[0.004895907767473839, 0.003330082363522391]
[0.004657131529313907, 0.0029348157645840978]
[0.004430000545474877, 0.0025701830874378384]
[0.0042139468698710325, 0.0022341364389528717]
[0.0040084302551298134, 0.0019247548050553842]
[0.0038129368053424484, 0.0016402365689229814]
[0.003626977681953192, 0.0013788923973010458]
[0.003450087892964304, 0.0011391386256669467]
[0.0032818251208910076, 0.0009194909230416659]
[0.003121768621015597, 0.0007185583901956338]
[0.002969518168761953, 0.0005350379753141787]
[0.0028246930586804386, 0.0003677092121550096]
[0.0026869311525679063, 0.00021542926440476506]
[0.0025558879738998286, 7.712825628969355e-05]
[0.0024312358464719797, 4.819512568499107e-05]
[0.0023126630750375243, 0.00016147777561403842]
[0.0021998731659056414, 0.00026359607004478036]
[0.0020925840855541278, 0.00035536954245962704]
[0.0019905275553974144, 0.0004375643432918963]
[0.0018934483809821545, 0.000510896497460056]
[0.001801103813773297, 0.000576034971882855]

[0.002242155743009233, 0.013889481232655099]
[0.002132804354536111, 0.01310544301194172]
[0.0020287862712715654, 0.012364843699446904]
[0.0019298411986612418, 0.011665311095457098]
[0.0018357217072624277, 0.011004600969302197]
[0.0017461925701589553, 0.010380590838083334]
[0.0016610297242884986, 0.009791271875967955]
[0.0015800203470254792, 0.009234744896936209]
[0.001502961847930917, 0.008709212990211768]
[0.0014296615351888087, 0.00821297659032949]
[0.0013599361211233951, 0.007744428196484687]
[0.0012936112531677368, 0.007302047412957258]
[0.0012305210875217104, 0.006884396300482765]
[0.0011705078658075518, 0.006490114936510194]
[0.001113421523526531, 0.006117917219548907]
[0.0010591193150442102, 0.00576658691001386]
[0.001007465456514589, 0.005434973874776983]
[0.0009583307863932355, 0.005121990531616216]
[0.0009115924424113464, 0.004826608483432526]
[0.0008671335543638525, 0.004547855332140305]
[0.0008248429518727951, 0.0042848116625906485]
[0.0007846148864040225, 0.004036608187465429]
[0.0007463487668398772, 0.003802423044647618]
[0.0007099489079493981, 0.0035814792389681216]
[0.0006753242911256008, 0.00337304222069168]
[0.0006423883367969729, 0.0031764175935644623]
[0.0006110586879197744, 0.0029909489451398485]

[0.00420890513979244, 0.007462194618909956]
[0.004003634479493368, 0.007298440740400758]
[0.003808374912108059, 0.007132910352568356]
[0.0036226382744533048, 0.006966166127710727]
[0.0034459601180565347, 0.0067987202145500525]
[0.003277898651433908, 0.0066310376667425425]
[0.003118033646814844, 0.006463539830122933]
[0.0029659653543163134, 0.006296607532569443]
[0.00282131351556153, 0.006130584040258125]
[0.0026837164306733885, 0.005965777753266566]
[0.0025528300333848286, 0.005802464848796207]
[0.0024283270447716734, 0.005640891646663038]
[0.0023098961365774356, 0.005481276924255152]
[0.002197241172668868, 0.005323813952810008]
[0.0020900804562036523, 0.0051686725052189075]
[0.0019881460294814968, 0.005016000674220589]
[0.0018911830034293864, 0.00486592658487961]
[0.0017989489199544684, 0.00471855999110149]
[0.0017112131458142388, 0.004573993762187367]
[0.0016277562958716407, 0.004432305268952774]
[0.0015483696845307593, 0.004293557674504012]
[0.0014728548039130152, 0.004157801136049244]
[0.0014010228274825565, 0.004025073923277223]
[0.0013326941378827284, 0.003895403458572755]
[0.0012676978777986792, 0.003768807284048492]
[0.0012058715227505346, 0.0036452939599542766]
[0.0011470604746151025, 0.00352486389936546]

[0.017234220930540056, 0.007731437697957144]
[0.01639369790255385, 0.006534686342701823]
[0.015594167819477533, 0.005436277471658535]
[0.014833631279169479, 0.004429465512310438]
[0.014110186481702813, 0.003507928345299116]
[0.013422024684893175, 0.002665743846226018]
[0.012767424751033873, 0.0018973625493562407]
[0.012144750103261048, 0.0011975896100737127]
[0.011552443652371458, 0.0005615602973209066]
[0.01098902432717594, 1.5278533391449578e-05]
[0.010453083283033876, 0.0005371875635560297]
[0.009943280397847153, 0.0010081526256555673]
[0.009458340887445113, 0.0014319015021593273]
[0.008997052158967789, 0.001811919451994104]
[0.008558260747429908, 0.0021514641352218256]
[0.008140869445394161, 0.0024535794642366326]
[0.007743834557399409, 0.0027211087101255416]
[0.007366163289370176, 0.0029567068374287686]
[0.00700691126644315, 0.003162852107257752]
[0.006665180171427254, 0.0033418569988592495]
[0.00634011549858482, 0.0034958784852126]
[0.006030904416915117, 0.0036269277009237655]
[0.0057367737376526895, 0.003736879036977836]
[0.005456987980893224, 0.003827478695233033]
[0.005190847536510668, 0.0039003527337722055]
[0.004937686914859185, 0.003957014631897682]
[0.004696873082414399, 0.003998872404997744]

[0.00017267385515462585, 0.0014766534377170792]
[0.00016425243509798904, 0.0013964235761850796]
[0.00015624175066752954, 0.0013205071073391084]
[0.000148621750729383, 0.0012486741281949043]
[0.00014137337993125332, 0.0011807068930554943]
[0.00013447852555281692, 0.001116399234084367]
[0.00012791992759886295, 0.0010555557960684192]
[0.00012168119890787477, 0.0009979916726348126]
[0.0001157467370800358, 0.0009435317085095818]
[0.00011010170226646854, 0.0008920100396646591]
[0.00010473197909086074, 0.0008432695985309824]
[9.962414011353837e-05, 0.0007971616477688848]
[9.476541343962641e-05, 0.0007535453444578177]
[9.014364967746546e-05, 0.0007122873217459968]
[8.57472920008373e-05, 0.0006732612945155036]
[8.156534722225661e-05, 0.0006363476863486817]
[7.758735829643815e-05, 0.0006014332755399643]
[7.380337817991522e-05, 0.0005684108596453186]
[7.020394495138582e-05, 0.0005371789376402702]
[6.678005815308197e-05, 0.0005076414087867853]
[6.352315628410654e-05, 0.00047970728730728496]
[6.042509539394558e-05, 0.0004532904320542208]
[5.7478128716148547e-05, 0.00042830929036874466]
[5.467488729937742e-05, 0.00040468665541126825]
[5.2008361579924944e-05, 0.0003823494362418245]
[4.9471883854623755e-05, 0.00036122844000052723]
[4.705911160796106e-05, 0.00034125816551799915]

[0.012390755171627799, 0.008726435689652368]
[0.011786450957549821, 0.00889016476004234]
[0.011211618945772495, 0.009017167311768937]
[0.01066482183481754, 0.009110635975873915]
[0.010144692310171899, 0.009173539739858572]
[0.00964992985543034, 0.00920863730204749]
[0.0091792971989052, 0.009218491695635933]
[0.00873161759794766, 0.009205481407993876]
[0.008305771580665089, 0.009171813367089277]
[0.007900694319140283, 0.009119533470137609]
[0.007515372905377904, 0.009050537235196776]
[0.007148843846406794, 0.008966579507441619]
[0.0068001906155465, 0.008869283805543748]
[0.006468541405764167, 0.008760150800904087]
[0.0061530669188642195, 0.008640566550729645]
[0.005852978304058454, 0.008511810063146497]
[0.0055675251837313255, 0.00837506044730274]
[0.005295993776345709, 0.008231403618643718]
[0.005037705111973212, 0.00808183858292022]
[0.004792013334409928, 0.00792728333116699]
[0.004558304086236142, 0.007768580365564937]
[0.004335992972598235, 0.007606501879228844]
[0.004124524099914484, 0.007441754610297835]
[0.0039233686858543, 0.00727498438976637]
[0.003732023737105017, 0.0071067804014144365]
[0.0035500107917018076, 0.006937679170747835]
[0.0033768747223841267, 0.00676816830097593]

[0.013856568890023624, 0.0069572791599719075]
[0.013180776071658462, 0.007277007252625811]
[0.012537942022614601, 0.007549000583237264]
[0.011926459371928377, 0.007777154461635294]
[0.01134479905158614, 0.007965098251949299]
[0.010791506715110533, 0.008116210993889053]
[0.010265198690574517, 0.008233638744127136]
[0.009764559049218025, 0.008320307371721847]
[0.009288335883174514, 0.0083789379920447]
[0.008835338395326547, 0.008412059286215468]
[0.00840443385204731, 0.008422020021458643]
[0.007994544779156364, 0.008411000485842868]
[0.007604646226551465, 0.00838102347557923]
[0.007233763253754799, 0.008333964300499153]
[0.00688096845699393, 0.008271560488008589]
[0.006545379665261364, 0.008195420706587075]
[0.006226157732066306, 0.008107033209205028]
[0.0059225044362472, 0.008007773756254721]
[0.005633660486427994, 0.007898913046393563]
[0.0053589036222739805, 0.007781623692773465]
[0.005097546808509712, 0.007656986767723861]
[0.0048489365169664955, 0.007525997942638973]
[0.0046124510924197, 0.007389573246692649]
[0.004387499198127753, 0.00724855446694761]
[0.004173518337182824, 0.007103714211182499]
[0.003969973446062647, 0.006955760653061915]
[0.0037763555564078732, 0.0068053419806703985]

[0.018223197468615115, 0.014368984151434505]
[0.017334441726057692, 0.014534922330555755]
[0.016489031002854482, 0.014650497437234344]
[0.015684851467278715, 0.014720226836318018]
[0.014919892198145046, 0.014748307662482946]
[0.01419224050363721, 0.014738636081456438]
[0.013500076733759858, 0.0146948282565727]
[0.012841670231506452, 0.014620236504073958]
[0.012215374580718474, 0.014517967894818629]
[0.011619623730008771, 0.014390899437592086]
[0.011052927986053729, 0.014241693412887946]
[0.010513870331331075, 0.014072811329877144]
[0.010001102820982946, 0.013886527378760949]
[0.009513343280911551, 0.0136849406113424]
[0.009049372054358407, 0.01346998678451583]
[0.00860802897123275, 0.013243449226405302]
[0.00818821044431367, 0.013006969108667832]
[0.007788866708534403, 0.012762055075715928]
[0.007408999196584554, 0.012510092265421324]
[0.007047658041809957, 0.012252350768624076]
[0.0067039397031088965, 0.0119899935559995]
[0.006376984705599997, 0.011724083905718441]
[0.006065975491485465, 0.011455592361385047]
[0.005770134375732483, 0.011185403248375358]
[0.005488721601454638, 0.010914320775166075]
[0.005221033490247828, 0.010643074744086434]
[0.004966400682261396, 0.010372325897693102]

[0.016256448071831908, 0.00698269170013055]
[0.015463611601100435, 0.0058689614217867225]
[0.014709442362017988, 0.004847256614780915]
[0.013992054391486652, 0.003911250386849807]
[0.013309653787350939, 0.003055013521369304]
[0.012660534422362257, 0.002272992423369438]
[0.012043072811233513, 0.0015599834495181875]
[0.011455725224215618, 0.0009111159254316936]
[0.010897022913087862, 0.0003218291356512637]
[0.010365568834524191, 0.0002121450939960301]
[0.009860034073792295, 0.0006948003676070513]
[0.009379154539727139, 0.0011298722702568487]
[0.008921727771927221, 0.0015208541540230325]
[0.008486609974050235, 0.0018710117220221978]
[0.008072713121681285, 0.0021833970597480157]
[0.007679002256795464, 0.002460861642170853]
[0.007304492897398873, 0.0027060686490112396]
[0.00694824857497317, 0.002921504552998222]
[0.006609378493181661, 0.003109490019801431]
[0.006287035300302168, 0.0032721901675309972]
[0.005980412970450932, 0.0034116242189048407]
[0.005688744788091005, 0.003529674582203768]
[0.005411301430842785, 0.0036280953934602067]
[0.005147389145799153, 0.003708520550834482]
[0.00489634801478156, 0.0037724712704259034]
[0.004657550304294267, 0.003821363190567695]
[0.004430398895566068, 0.0038565130531877934]

[0.0032311322810842924, 0.00821094061673655]
[0.003073548178039953, 0.007964165661315858]
[0.0029236494546485137, 0.007721931209445976]
[0.002781061386770478, 0.007484381253171357]
[0.0026454274237046604, 0.0072516350384798645]
[0.002516408388902991, 0.007023789089599122]
[0.0023936817070144834, 0.006800918929960986]
[0.0022769404752708833, 0.006583081217211462]
[0.0021658927762779334, 0.006370315201927768]
[0.002060260938021641, 0.006162644313871146]
[0.001959780824143248, 0.005960077652847229]
[0.0018642011866516588, 0.005762611291264319]
[0.0017732830210595435, 0.005570229576118857]
[0.0016867989877513145, 0.005382906222838102]
[0.00160453283045503, 0.005200605429745098]
[0.0015262788408827999, 0.005023282852154809]
[0.0014518413434288502, 0.004850886523765308]
[0.0013810342055574631, 0.004683357706670943]
[0.0013136803725527502, 0.004520631674731046]
[0.001249611424746555, 0.004362638437624522]
[0.001188667156396872, 0.004209303408196252]
[0.0011306951750889027, 0.004060548017329246]
[0.0010755505206726523, 0.003916290279759593]
[0.001023095302788657, 0.003776445314174204]
[0.0009731983560695712, 0.00364092582070219]
[0.0009257349121856162, 0.0035096425186242897]
[0.0008805862877667714, 0.0033825045475555093]

[0.020292679356469723, 0.0019561563564964857]
[0.019302993645495814, 0.002825902894799115]
[0.018361575523458518, 0.0036061608451265492]
[0.017466070915210574, 0.004303589869055824]
[0.01661424052547622, 0.004924413586236243]
[0.01580395454824335, 0.005474444477457471]
[0.015033186530449494, 0.005959112176673165]
[0.014300009379624057, 0.006383483279772562]
[0.013602589691569356, 0.006752286613116443]
[0.012939183562931111, 0.007069932886927255]
[0.012308132128086263, 0.007340534814934241]
[0.011707857444385274, 0.007567925564688771]
[0.01113685849506503, 0.007755676422736002]
[0.010593707497041638, 0.007907112996578203]
[0.0100770462858841, 0.008025330859482427]
[0.009585582939054704, 0.008113210002740123]
[0.009118088542531821, 0.008173428509430813]
[0.008673394116747724, 0.00820847540374503]
[0.008250387694044514, 0.008220662719629068]
[0.007848011538020727, 0.008212136845270557]
[0.007465259498697585, 0.008184889180716137]
[0.007101174496610074, 0.008140766150307233]
[0.006754846129609193, 0.008081478607106174]
[0.006425408396382504, 0.008008610664818505]
[0.006112037531000314, 0.00792362799071622]
[0.0058139499431901775, 0.007827885590522499]
[0.005530400258573209, 0.007722635118071253]

[0.00807459803999655, 0.008246932770872961]
[0.007680795123043982, 0.007460685441428305]
[0.0073061983283535525, 0.006731513573981496]
[0.006949870831122418, 0.006055720235012996]
[0.006610921595235575, 0.005429833046677823]
[0.006288503218365826, 0.004850592058674386]
[0.005981809259143156, 0.0043149353150311875]
[0.005690072980584271, 0.0038199898008561273]
[0.0054125648479843025, 0.0033630584624824156]
[0.0051485909460572965, 0.0029416106228750127]
[0.00489749120179922, 0.0025532720187935176]
[0.004658637738092018, 0.0021958155905217325]
[0.004431433292958156, 0.0018671527272655641]
[0.004215309740954937, 0.0015653251260718815]
[0.004009726659020718, 0.0012884969857627215]
[0.003814169982218507, 0.001034947746755055]
[0.003628150717096934, 0.000803065213411891]
[0.00345120371858193, 0.0005913390745440061]
[0.003282886527022688, 0.00039835480093142195]
[0.003122778261763881, 0.00022278789468321847]
[0.0029704785687455493, 6.33984721560843e-05]
[0.002825606619405785, 8.097383902416766e-05]
[0.002687800158410858, 0.00021141470643959437]
[0.0025567145978275807, 0.0003289396196408667]
[0.002432022155475222, 0.000434498153059959]
[0.0023134110353429937, 0.0005289779797741367]
[0.0022005846477970437, 0.0006132086515773238]

[0.0043666285785914916, 0.007411704991462598]
[0.00415366565439923, 0.007257915077929944]
[0.003951088980239881, 0.00710149685399708]
[0.003758392095350338, 0.006943072374682724]
[0.0035750931465589053, 0.006783209410533647]
[0.0034007337885266775, 0.006622425087567385]
[0.0032348780431853408, 0.006461189512445564]
[0.003077111182288428, 0.006299929132352111]
[0.00292703869754396, 0.006139029902773929]
[0.002784285334682224, 0.005978840151376619]
[0.0026484941340064183, 0.005819673391429303]
[0.0025193255521747115, 0.005661810844034276]
[0.0023964565944314814, 0.005505503903181719]
[0.0022795800271567523, 0.005350976310843247]
[0.0021684035973644766, 0.005198426296507241]
[0.002062649305971387, 0.005048028519818226]
[0.001962052712247364, 0.004899935899462804]
[0.001866362272287203, 0.004754281319461207]
[0.0017753387101565599, 0.004611179219027761]
[0.001688754419535976, 0.004470727075850611]
[0.0016063928945991846, 0.0043330067882756396]
[0.0015280481886335018, 0.004198085963079468]
[0.0014535243990657642, 0.0040660191146923985]
[0.0013826351776047296, 0.003936848781427749]
[0.0013152032642718137, 0.0038106065639835762]
[0.0012510600441851816, 0.0036873140910245183]
[0.0011900451258535227, 0.0035669839170227036]

[0.0023998791818082843, 0.013939970860102457]
[0.0022828355294419733, 0.013145968674412534]
[0.002171500339403387, 0.012396257198018179]
[0.002065595019558275, 0.011688404848485101]
[0.0019648547357647983, 0.011020111773318603]
[0.0018690277072517247, 0.010389203417258491]
[0.0017778741206589954, 0.009793622193645324]
[0.0016911661749975937, 0.00923142329715354]
[0.0016086870299133471, 0.008700767127695963]
[0.001530230439197644, 0.008199914192219437]
[0.0014556002217449848, 0.007727219653851591]
[0.001384609760570775, 0.007281128215586019]
[0.0013170815453757562, 0.006860169321556198]
[0.0012528467202954363, 0.006462952578476955]
[0.0011917446646873553, 0.0060881634282605734]
[0.0011336225915341003, 0.0057345590644162225]
[0.0010783351653325668, 0.005400964560193788]
[0.0010257441387259703, 0.005086269203256499]
[0.0009757180067536675, 0.004789423026592132]
[0.0009281316780281879, 0.004509433525242468]
[0.0008828661619412204, 0.0042453625488190205]
[0.0008398082711245092, 0.0039963233604352055]
[0.000798850338423085, 0.003761477853232442]
[0.0007598899476713994, 0.003540033916113128]
[0.0007228296775987353, 0.0033312429407565958]
[0.00068757685823162, 0.0031343974624942206]
[0.0006540433391581946, 0.002948828927482605]

[0.010625436608939332, 0.0012536614567646431]
[0.010107227893618509, 0.0006871584086900473]
[0.009614292567966087, 0.00017293062620871158]
[0.0091453979851579, 0.00029277320846393673]
[0.00869937162788148, 0.0007134632134694341]
[0.008275098326207542, 0.0010924219042899308]
[0.007871516983560034, 0.0014327198141661501]
[0.007487618573947141, 0.001737226154510385]
[0.007122443106896581, 0.002008622790116932]
[0.006775077457304907, 0.0022494149723443213]
[0.006444653027904063, 0.002461942368611414]
[0.006130343592504705, 0.0026483891945785487]
[0.005831363205491921, 0.002810793899460373]
[0.005546964266003485, 0.0029510580776610507]
[0.0052764356265389, 0.0030709550582634915]
[0.005019100824378564, 0.0031721378544322665]
[0.004774316388637456, 0.0032561466854397203]
[0.004541470230689737, 0.0033244160495837782]
[0.004319980113875244, 0.003378281371662517]
[0.0041092921975274255, 0.003418985255148943]
[0.00390887965211284, 0.003447683359527609]
[0.003718241341877593, 0.003465449925309727]
[0.003536900571747048, 0.0034732829669330556]
[0.0033644038953390965, 0.003472109152773406]
[0.0032003199811132532, 0.003462788390480309]
[0.0030442385338770306, 0.0034461181344376257]
[0.002895769268641102, 0.003422837433114889]

[0.006436110466446099, 0.005001122803475422]
[0.006122217573837352, 0.004451104357826696]
[0.005823633500843917, 0.003942839738110715]
[0.005539611543282197, 0.00347356459257947]
[0.00526944147389008, 0.003040684665713056]
[0.005012447833132816, 0.0026417665164315818]
[0.004767987839874976, 0.0022745265674539716]
[0.004535450330406032, 0.0019368240919492852]
[0.004314253808394841, 0.0016266513789282566]
[0.004103845167604564, 0.0013421263992882126]
[0.0039036982760389527, 0.0010814852065244018]
[0.00371331266522891, 0.0008430749211540967]
[0.0035322122685135654, 0.0006253470528432281]
[0.0033599442432868387, 0.00042685130392094983]
[0.0031960778288901703, 0.00024622962852616226]
[0.0030402032737933404, 8.221070384695217e-05]
[0.002891930810465515, 6.639530022578555e-05]
[0.0027508896805005234, 0.00020070164749030894]
[0.0026167272076165204, 0.0003217496732355052]
[0.0024891079157467466, 0.00043051315249709177]
[0.002367712690187873, 0.000527902412992276]
[0.0022522379796435787, 0.0006147682076682592]
[0.002142395037189493, 0.000691905360413525]
[0.0020379091982547504, 0.0007600561978708953]
[0.0019385191938174895, 0.0008199137795337208]
[0.0018439764971275308, 0.0008721249374605833]
[0.001754044702165336, 0.0009172931374008542]

[0.005781970850027074, 0.015204211930844869]
[0.00549998094861448, 0.014737692694054116]
[0.0052317436942610485, 0.01428051415721876]
[0.00497658854080596, 0.01383287469664829]
[0.004733877456350566, 0.013394931298627122]
[0.004503003496744706, 0.012966803052563439]
[0.004283389431431361, 0.012548574059158324]
[0.004074486068633754, 0.012140297172577974]
[0.003875771035190212, 0.011741996454527115]
[0.003686747449269251, 0.01135366990909048]
[0.0035069426502480905, 0.01097529204025216]
[0.0033359070410643454, 0.0106068160763646]
[0.0031732129335933085, 0.010248176202844794]
[0.0030184535127998624, 0.009899289426571034]
[0.002871241797973212, 0.00956005747377131]
[0.0027312096830428567, 0.00923036845334213]
[0.0025980070149693724, 0.008910098422616919]
[0.00247130071766527, 0.008599112830798727]
[0.0023507739594053056, 0.008297267847324985]
[0.0022361253605100995, 0.008004411587456683]
[0.0021270682397641627, 0.0077203852398799455]
[0.0020233298975607106, 0.007445024103614806]
[0.0019246509340088425, 0.0071781585402530546]
[0.0018307846003001726, 0.006919614847306743]
[0.0017414961817076025, 0.00666921605812254]
[0.001656562410719653, 0.006426782673287779]
[0.0015757709086108296, 0.006192133329093075]

[0.0019667493967832073, 0.021351675851565055]
[0.0018708301249572568, 0.020403883752342478]
[0.0017795886408364936, 0.01949775405201526]
[0.001692797075792063, 0.018631477223167825]
[0.001610238410794107, 0.01780332118385225]
[0.0015317060812749528, 0.017011628504825876]
[0.0014570039225263454, 0.016254811706090888]
[0.0013859450072908341, 0.015531352429505652]
[0.0013183516676306128, 0.014839797030469892]
[0.0012540548954845798, 0.014178754343596056]
[0.0011928939122614335, 0.013546893045280894]
[0.0011347157916039366, 0.012942939059620295]
[0.0010793750490557252, 0.012365673224737916]
[0.001026733306861316, 0.011813928889320202]
[0.0009766589326771213, 0.011286589724767815]
[0.0009290267144372866, 0.010782587584234449]
[0.0008837175469147973, 0.010300900459656592]
[0.0008406181335612328, 0.009840550522717706]
[0.0007996207034028924, 0.009400602245619893]
[0.0007606227415077882, 0.008980160601093079]
[0.0007235267326579642, 0.00857836933709466]
[0.0006882399175089926, 0.008194409323514673]
[0.0006546740606426793, 0.00782749696792484]
[0.0006227452299333303, 0.007476882697540876]
[0.0005923735866730784, 0.007141849504740172]
[0.0005634831859535616, 0.006821711553518739]
[0.0005360017866953282, 0.006515812844505309]

[0.014992065187530823, 0.0061580435346979545]
[0.014260893548017739, 0.006570756669239897]
[0.013565381548205968, 0.006928566227788369]
[0.012903790080508237, 0.007235845583146661]
[0.012274464774440386, 0.007496672624003081]
[0.01167583211473422, 0.007714846991857316]
[0.011106395026745375, 0.007893909326611714]
[0.010564729756235569, 0.008037155286862496]
[0.010049481804440541, 0.008147652692890861]
[0.00955936279198713, 0.00822825512372094]
[0.009093147161910481, 0.008281615760040717]
[0.008649669144679416, 0.008310200038612825]
[0.008227819799923403, 0.008316297802642092]
[0.007826544293160237, 0.008302034388504298]
[0.007444839223903377, 0.008269381354770733]
[0.007081750130349951, 0.008220166374250493]
[0.00673636910088482, 0.008156082584902524]
[0.00640783250297694, 0.008078697369044985]
[0.0060953188240318035, 0.007989460590690278]
[0.0057980466170634015, 0.007889712330999554]
[0.0055152725467120245, 0.007780690147803249]
[0.005246289530511095, 0.007663535888389195]
[0.004990424970812812, 0.007539302081625454]
[0.004747039072943826, 0.007408957934201155]
[0.004515523245385067, 0.007273394954463885]
[0.004295298578062212, 0.007133432225462144]
[0.004085814394494625, 0.006989821350137593]

[0.0020694818878546073, 0.01241282779493802]
[0.001968551919438122, 0.01170901943575664]
[0.0018725445206040359, 0.011044336592107795]
[0.0017812194479318588, 0.010416636967262194]
[0.0016943483273311744, 0.009823894076246703]
[0.0016117140446061384, 0.009264191603998967]
[0.0015331097966896357, 0.008735716079899536]
[0.0014583391481176045, 0.008236753224301396]
[0.0013872151108508812, 0.007765681281702186]
[0.0013195598329223401, 0.007320966550664831]
[0.0012552041420325344, 0.006901158597953705]
[0.0011939871130541985, 0.006504885765188373]
[0.001135755674082084, 0.006130850956024947]
[0.0010803642161300864, 0.005777827614764197]
[0.0010276742315256937, 0.005444655925033404]
[0.0009775539678219536, 0.005130239223665178]
[0.0009298780982181509, 0.004833540599237018]
[0.0008845274082133203, 0.004553579671970898]
[0.0008413884974599606, 0.004289429545792256]
[0.0008003534962107706, 0.0040402139233535195]
[0.0007613197955886886, 0.0038051043752833635]
[0.000724189791010077, 0.0035833177554112083]
[0.0006888706381237286, 0.0033741137542788735]
[0.0006552740206500207, 0.0031767925835568533]
[0.0006233159295456758, 0.0029906927844498554]
[0.0005929164529423492, 0.002815189153563935]
[0.0005639995763118133, 0.0026496907796218494]

[0.010148599428618565, 0.022615916922307466]
[0.00965364660301371, 0.02199560777198406]
[0.00918283267450093, 0.02138201101121584]
[0.008734980636156298, 0.020775947071331013]
[0.008308970602909471, 0.02017814070916077]
[0.007903737285271384, 0.019589228140130824]
[0.007518267474616702, 0.019009763571603888]
[0.0071515972509221815, 0.018440226304930085]
[0.006802809732734172, 0.017881026357301044]
[0.006471032783951475, 0.0173325100604671]
[0.006155436784254509, 0.016794965431681463]
[0.005855232593239057, 0.016268626920398876]
[0.00556966952802479, 0.015753680106026513]
[0.005298033539956615, 0.015250265737414281]
[0.0050396453953376885, 0.014758483770278552]
[0.0047938589890142436, 0.014278396973160357]
[0.0045600597272167365, 0.013810034322079723]
[0.004337662989952473, 0.013353394150259934]
[0.0041261126695618655, 0.012908447066352746]
[0.0039248797800460755, 0.012475138663307295]
[0.0037334611343633473, 0.012053392028155585]
[0.0035513780861942124, 0.011643110066694273]
[0.0033781753330746067, 0.011244177654945453]
[0.0032134197779049023, 0.010856463628734492]
[0.003056699445979416, 0.010479822622106116]
[0.0029076224549048346, 0.010114096764312297]
[0.0027658160344643523, 0.009759117246115778]

[0.013025315790747616, 0.0151936323168671]
[0.012390063423060482, 0.013833127083102581]
[0.011785792907369474, 0.01256918782422689]
[0.011210993004716174, 0.011395631640021164]
[0.010664226363646279, 0.010306648559849169]
[0.010144126033459266, 0.00929678151296856]
[0.00964939110421903, 0.008360902379479174]
[0.009178784748944735, 0.007494197142643155]
[0.008731130136809928, 0.006692144337579031]
[0.00830530789650255, 0.005950499219875116]
[0.007900253249649047, 0.0052652772852401775]
[0.00751495335307548, 0.00463273902100747]
[0.007148444750867677, 0.0040493754220958245]
[0.006799810986298921, 0.003511894500815904]
[0.006468180291226255, 0.003017208369997082]
[0.006152723415912664, 0.002562421209983956]
[0.005852651553970023, 0.002144817874754068]
[0.005567214369415707, 0.001761853153672721]
[0.005295698120628911, 0.0014111416549296152]
[0.005037423875555613, 0.0010904482700935247]
[0.00479174581405406, 0.0007976791892914115]
[0.004558049613002102, 0.0005308734351254785]
[0.004335750910170133, 0.0002881948862993866]
[0.004124293843010496, 6.792476333972175e-05]
[0.0039231496587119885, 0.0001315454497237134]
[0.0037318153921086505, 0.00031172067194340514]
[0.0035498126077992964, 0.00047400850563228403]

[0.0040362312846378146, 0.008938848056627036]
[0.0038393820443953786, 0.008694864316585837]
[0.0036521331614405295, 0.008453417459907464]
[0.0034740165237239218, 0.008214840255905631]
[0.0033045867381252814, 0.007979427107605547]
[0.003143420125881091, 0.0077474369008269095]
[0.002990113719215981, 0.007519095626191352]
[0.0028442841554084386, 0.007294599205204255]
[0.002705566778481494, 0.0070741157487677064]
[0.00257361472840692, 0.006857787792931225]
[0.002448098054293968, 0.0066457344473271895]
[0.002328702904658135, 0.006438053294431922]
[0.0022151307231378092, 0.0062348222687129695]
[0.0021070975229914024, 0.006036101274556005]
[0.002004333164202815, 0.005841933799734411]
[0.0019065806822592402, 0.00565234836056927]
[0.0018135956451329482, 0.005467359860419574]
[0.0017251455417745531, 0.005286970850746808]
[0.001641009200862853, 0.0051111726998276374]
[0.0015609762377185588, 0.0049399466777395595]
[0.0014848465282466528, 0.0047732649618112966]
[0.0014124297085190696, 0.004611091568103465]
[0.001343544698766408, 0.004453383213645967]
[0.001278019250583351, 0.004300090113984023]
[0.0012156895162187542, 0.004151156720290317]
[0.0011563996388959108, 0.004006522399954804]
[0.0011000013630071415, 0.0038661220648834593]

[0.008181850031835358, 0.0012642410707424112]
[0.0077828164780564535, 0.0015917240196415827]
[0.007403244033664436, 0.001884256959200581]
[0.007042183560364235, 0.0021444698481631885]
[0.006698732192115364, 0.002374819525308519]
[0.006372031203996431, 0.0025775996353049474]
[0.006061263552090357, 0.002754951865513]
[0.005765652243631347, 0.0029088738754244337]
[0.005484458065103559, 0.003041229326831152]
[0.005216977888466895, 0.003153755716871043]
[0.004962542871993075, 0.003248072386400569]
[0.00472051680163512, 0.003325687860778581]
[0.004490294478969065, 0.0033880068812885966]
[0.004271300233095299, 0.0034363368480940792]
[0.004062986462660567, 0.003471894045510737]
[0.003864832274576957, 0.003495809388925908]
[0.003676342180301939, 0.0035091338624231305]
[0.0034970448563912404, 0.003512843627542228]
[0.003326491966158973, 0.0035078448207328528]
[0.0031642570385382873, 0.0034949780622142157]
[0.003009934401705383, 0.003475022691060925]
[0.0028631381686852198, 0.0034487007431796]
[0.0027235012724319274, 0.0034166806870206123]
[0.002590674547971572, 0.0033795809311936154]
[0.0024643258593063377, 0.0033379731173659444]
[0.002344139268951273, 0.003292385210793558]
[0.002229814247769024, 0.0032433044016104695]

[0.01706154707538543, 0.006254784260240065]
[0.01622944546745586, 0.0051382627665167435]
[0.015437926068810004, 0.0041157703643194266]
[0.014685009528440096, 0.0031807913841155333]
[0.01396881310177156, 0.002327221452243622]
[0.013287546159340358, 0.001549344612141651]
[0.01263950482343501, 0.0008418067532878215]
[0.012023068904353174, 0.00019959793743890009]
[0.011436696915291422, 0.00038197141118867517]
[0.01087892262490947, 0.0009072885730561087]
[0.010348351303943015, 0.001380457162087012]
[0.009843656257733615, 0.001805314273424452]
[0.009363575474005487, 0.002185446846617145]
[0.008906908509290323, 0.002524206773740101]
[0.00847251345542907, 0.002824725429737329]
[0.008059304098171904, 0.0030899271505853143]
[0.007666247199102971, 0.003322541985665506]
[0.00729235991119026, 0.003525117697074087]
[0.006936707321491764, 0.0037000310448980223]
[0.006598400113274172, 0.003849498407646035]
[0.006276592342300713, 0.003975585772519885]
[0.0059704793215211716, 0.004080218132977986]
[0.005679295608936541, 0.004165188327346581]
[0.005402313093593847, 0.004232165350644301]
[0.005138839174930743, 0.00428270217001403]
[0.004888215031004561, 0.004318243071898209]
[0.004649813970806438, 0.004340130570515743]

[0.004843465758912258, 0.016457873387609512]
[0.004607246945004029, 0.015424851102744164]
[0.004382548873705039, 0.014453444783427472]
[0.00416880944435194, 0.013540101488184353]
[0.0039654941715309144, 0.012681468085157688]
[0.0037720948294628354, 0.011874381148273508]
[0.0035881275521286726, 0.011115854244992174]
[0.0034131325053133876, 0.010403071018067589]
[0.003246672071706369, 0.009733373664410183]
[0.0030883300080356557, 0.009104254936746159]
[0.002937710377655972, 0.008513349671640746]
[0.0027944365514403595, 0.007958426881786052]
[0.0026581502718986127, 0.007437382303384421]
[0.002528510753203622, 0.006948231348909983]
[0.002405193828565688, 0.006489102415507819]
[0.0022878911413357073, 0.006058230598909864]
[0.002176309373668084, 0.005653951737177199]
[0.002070169513024467, 0.005274696781214949]
[0.001969206154469938, 0.004918986475662468]
[0.001873166837017326, 0.0045854263323077404]
[0.0017818114123486772, 0.0042727018803523364]
[0.0016949114443168822, 0.003979574178305079]
[0.0016122496377382056, 0.003704875573319999]
[0.0015336192950389238, 0.003447505694533337]
[0.0014588237994056508, 0.003206427667642231]
[0.0013876761231573775, 0.002980664538850153]
[0.0013199983600302723, 0.0027692958959781855]

[0.012218081316473173, 0.010203089127369447]
[0.011622198522451832, 0.01028658833622742]
[0.011055377195104965, 0.010337674419108045]
[0.010516200084088156, 0.01035931010406882]
[0.010003318930240646, 0.010354246632914066]
[0.009515451329877522, 0.010325036536131857]
[0.009051377271306338, 0.010274047491704352]
[0.008609936399039786, 0.010203473080628689]
[0.008190024843585053, 0.010115345075598858]
[0.007790592616873815, 0.010011543509802268]
[0.007410640926287043, 0.009893806833727758]
[0.0070492197062932554, 0.009763741155210504]
[0.006705425202106874, 0.009622829150001566]
[0.006378397756086701, 0.009472438122650084]
[0.006067319626863382, 0.009313827845245148]
[0.005771412956836197, 0.009148157749495178]
[0.005489937825434887, 0.008976493722842704]
[0.0052221903981657936, 0.008799814478289036]
[0.004967501167021826, 0.00861901752056049]
[0.004725233276256846, 0.008434924739953775]
[0.004494780929952036, 0.008248287652872222]
[0.004275567877204289, 0.008059792311283065]
[0.004067045971198335, 0.00787006390066658]
[0.003868693798554923, 0.007679671045177638]
[0.003680015375525092, 0.007489129837656261]
[0.003500538907847184, 0.007298907610748362]
[0.0033298156107761656, 0.007109426466493929]

