-10:-20 133:192
0.0 4.00357072061 0.0718555180608 0.0963470467461 100.036599243
0.05 4.00244352555 0.128289769905 0.116356675426 100.235716676
0.1 4.00191144329 0.183715715647 0.147459977836 100.433365951
0.15 4.00166037358 0.238136925173 0.189362772995 100.628992352
0.2 4.0015417965 0.291560094587 0.241745989406 100.822068401
0.25 4.00148585728 0.343993299517 0.304269093057 101.012099725
0.3 4.00145944836 0.395445187363 0.376573613394 101.198627612
0.35 4.00144699238 0.445924630519 0.458286478457 101.38122981
0.4 4.00144111283 0.49544057691 0.549023153957 101.559520464
0.45 4.00143834074 0.544001996597 0.648390541164 101.733149531
0.5 4.00143703005 0.591617868436 0.755989654111 101.901801914
0.55 4.00143641111 0.638297185304 0.871418087144 102.065196369
0.6 4.00143612442 0.68404896518 0.994272245121 102.223084313
0.65 4.00143597729 0.728882264052 1.12414941995 102.375248495
0.7 4.00143588685 0.772806189449 1.26064970162 102.521501568
0.75 4.00143587018 0.815829911121 1.40337754629 102.661684697
0.8 4.0014358706 0.857962668523 1.55194334773 102.795666049
0.85 4.0014358467 0.899213779366 1.70596474604 102.923339285
0.9 4.00143585514 0.939592646146 1.86506778687 103.044622037
0.95 4.00143585321 0.979108756851 2.02888792933 103.159454412
1.0 4.00143585534 1.01777168915 2.1970709097 103.267797482
1.05 4.00143585504 1.05559110969 2.36927346744 103.369631809
1.1 4.00143585538 1.09257677359 2.54516394162 103.464955994
1.15 4.00143585536 1.12873852208 2.72442274927 103.553785265
1.2 4.00143585577 1.16408627947 2.90674274958 103.636150133
1.25 4.00143585569 1.19863004888 3.09182952014 103.712095043
1.3 4.00143585545 1.23237990729 3.27940153543 103.781677092
1.35 4.00143585578 1.265346 3.46919024556 103.844964866
1.4 4.0014358556 1.29753853431 3.6609401043 103.902037247
1.45 4.00143585519 1.32896777284 3.85440851746 103.952982319
1.5 4.00143585561 1.35964402642 4.04936573224 103.997896324
1.55 4.00143585534 1.38957764664 4.24559467292 104.036882687
1.6 4.00143585499 1.41877901828 4.44289073268 104.070051088
1.65 4.00143585625 1.44725855148 4.64106152425 104.097516596
1.7 4.00143585545 1.47502667384 4.83992659549 104.119398866
1.75 4.00143585431 1.50209382258 5.03931711534 104.135821385
1.8 4.00143585628 1.52847043663 5.23907553679 104.146910776
1.85 4.00143585575 1.55416694879 5.43905524081 104.152796156
1.9 4.00143585548 1.57919377809 5.63912016286 104.153608542
1.95 4.00143585558 1.60356132227 5.83914440943 104.149480309
2.0 4.00143585533 1.62727995033 6.03901186529 104.140544692
2.05 4.00143585541 1.65035999555 6.23861579908 104.126935336
2.1 4.0014358554 1.67281174841 6.43785845962 104.108785886
2.15 4.00143585542 1.69464545007 6.63665067809 104.086229613
2.2 4.00143585542 1.7158712859 6.83491147059 104.059399087
2.25 4.00143585542 1.73649937939 7.03256764143 104.028425874
2.3 4.00143585541 1.75653978653 7.22955340733 103.993440285
2.35 4.00143585541 1.77600248988 7.42580999332 103.954571124
2.4 4.00143585542 1.79489739375 7.62128527885 103.911945495
2.45 4.00143585541 1.81323431915 7.81593343101 103.86568863
2.5 4.00143585542 1.83102299921 8.00971454751 103.815923727
2.55 4.00143585543 1.8482730749 8.20259431474 103.762771821
2.6 4.00143585542 1.86499409098 8.39454367643 103.706351681
2.65 4.00143585543 1.88119549238 8.58553851334 103.646779716
2.7 4.00143585543 1.89688662078 8.77555933466 103.584169905
2.75 4.00143585541 1.91207671145 8.96459098156 103.518633739
2.8 4.00143585543 1.92677489046 9.1526223429 103.450280182
2.85 4.00143585544 1.94099017211 9.33964608291 103.379215642
2.9 4.00143585542 1.95473145659 9.5256583808 103.305543955
2.95 4.00143585542 1.96800752798 9.71065868223 103.229366381
3.0 4.00143585542 1.98082705239 9.89464946251 103.150781606
3.05 4.00143585542 1.99319857644 10.0776360009 103.069885757
3.1 4.00143585542 2.00513052589 10.2596261668 102.986772421
3.15 4.00143585542 2.01663120451 10.4406302168 102.901532673
3.2 4.00143585542 2.02770879314 10.6206605973 102.814255109
3.25 4.00143585542 2.03837134901 10.799731774 102.725025882
3.3 4.00143585542 2.04862680517 10.9778600476 102.633928748
3.35 4.00143585542 2.0584829701 11.1550633946 102.541045109
3.4 4.00143585542 2.06794752754 11.3313613134 102.446454065
3.45 4.00143585542 2.07702803647 11.506774684 102.350232461
3.5 4.00143585542 2.08573193116 11.6813256186 102.252454951
3.55 4.00143585542 2.09406652151 11.8550373429 102.153194044
3.6 4.00143585542 2.10203899333 12.0279340771 102.052520167
3.65 4.00143585542 2.10965640894 12.2000409186 101.950501718
3.7 4.00143585542 2.11692570773 12.371383736 101.847205131
3.75 4.00143585542 2.12385370691 12.5419890694 101.742694929
3.8 4.00143585542 2.13044710234 12.7118840378 101.637033787
3.85 4.00143585542 2.13671246943 12.8810962514 101.53028259
3.9 4.00143585542 2.14265626419 13.0496537299 101.422500491
3.95 4.00143585543 2.14828482428 13.2175848263 101.313744969
4.0 4.00143585543 2.15360437016 13.384918156 101.204071889
4.05 4.00143585542 2.15862100636 13.5516825306 101.093535552
4.1 4.00143585542 2.16334072274 13.717906896 100.982188759
4.15 4.00143585542 2.16776939583 13.883620275 100.870082859
4.2 4.00143585542 2.17191279022 14.0488517142 100.757267805
4.25 4.00143585542 2.17577656003 14.2136302343 100.643792205
4.3 4.00143585542 2.17936625036 14.3779847844 100.529703375
4.35 4.00143585542 2.18268729878 14.5419441991 100.415047387
4.4 4.00143585542 2.18574503696 14.7055371595 100.299869115
4.45 4.00143585542 2.18854469213 14.8687921575 100.184212287
4.5 4.00143585542 2.1910913888 15.0317374594 100.068119525
4.55 4.00143585542 2.1933901503 15.1944010784 99.951632394
4.6 4.00143585542 2.19544590044 15.3568107444 99.8347914398
4.65 4.00143585542 2.19726346515 15.518993878 99.7176362331
4.7 4.00143585542 2.19884757415 15.6809775663 99.6002054083
4.75 4.00143585542 2.20020286265 15.8427885413 99.4825367018
4.8 4.00143585542 2.20133387295 16.0044531594 99.3646669889
4.85 4.00143585542 2.20224505622 16.1659973833 99.2466323193
4.9 4.00143585542 2.20294077409 16.3274467648 99.1284679514
4.95 4.00143585542 2.20342530037 16.4888264303 99.0102083849
5.0 4.00143585542 2.20370282275 16.6501610661 98.8918873924
5.05 4.00143585542 2.20377744442 16.811474907 98.7735380494
5.1 4.00143585543 2.20365318577 16.9727917244 98.6551927636
5.15 4.00143585543 2.20333398603 17.1341348162 98.536883302
5.2 4.00143585542 2.20282370493 17.2955269985 98.4186408183
5.25 4.00143585542 2.20212612433 17.456990597 98.3004958774
5.3 4.00143585542 2.20124494985 17.6185474403 98.1824784798
5.35 4.00143585542 2.20018381246 17.7802188536 98.0646180848
5.4 4.00143585542 2.19894627011 17.9420256535 97.9469436325
5.45 4.00143585542 2.19753580928 18.1039881434 97.8294835646
5.5 4.00143585542 2.19595584657 18.2661261095 97.7122658442
5.55 4.00143585542 2.19420973021 18.4284588176 97.5953179752
5.6 4.00143585542 2.19230074163 18.5910050103 97.4786670198
5.65 4.00143585542 2.19023209697 18.7537829054 97.3623396158
5.7 4.00143585542 2.18800694853 18.9168101936 97.2463619925
5.75 4.00143585542 2.1856283863 19.080104038 97.1307599864
5.8 4.00143585542 2.18309943935 19.2436810733 97.0155590553
5.85 4.00143585542 2.18042307731 19.4075574053 96.9007842923
5.9 4.00143585542 2.17760221179 19.5717486114 96.7864604382
5.95 4.00143585542 2.17463969771 19.7362697409 96.6726118942
6.0 4.00143585542 2.17153833473 19.9011353159 96.5592627327
6.05 4.00143585542 2.16830086855 20.0663593323 96.4464367085
6.1 4.00143585542 2.16492999229 20.2319552615 96.3341572685
6.15 4.00143585542 2.16142834773 20.3979360517 96.2224475615
6.2 4.00143585542 2.15779852663 20.5643141304 96.1113304463
6.25 4.00143585542 2.15404307199 20.7311014058 96.0008285006
6.3 4.00143585542 2.15016447927 20.8983092699 95.8909640281
6.35 4.00143585542 2.14616519761 21.0659486003 95.7817590656
6.4 4.00143585542 2.14204763101 21.2340297638 95.6732353898
6.45 4.00143585542 2.13781413952 21.4025626188 95.5654145231
6.5 4.00143585542 2.13346704039 21.5715565182 95.4583177388
6.55 4.00143585542 2.12900860915 21.7410203133 95.3519660667
6.6 4.00143585542 2.12444108078 21.9109623564 95.2463802975
6.65 4.00143585542 2.11976665072 22.0813905051 95.1415809867
6.7 4.00143585542 2.11498747598 22.2523121251 95.0375884586
6.75 4.00143585542 2.11010567614 22.4237340946 94.9344228094
6.8 4.00143585542 2.1051233344 22.5956628078 94.8321039108
6.85 4.00143585542 2.10004249854 22.7681041793 94.7306514116
6.9 4.00143585542 2.0948651819 22.9410636474 94.6300847409
6.95 4.00143585542 2.08959336434 23.114546179 94.5304231095
7.0 4.00143585542 2.08422899316 23.2885562737 94.4316855116
7.05 4.00143585542 2.078773984 23.4630979677 94.3338907261
7.1 4.00143585542 2.07323022172 23.6381748389 94.237057318
7.15 4.00143585542 2.06759956131 23.8137900109 94.1412036385
7.2 4.00143585542 2.06188382868 23.9899461579 94.0463478259
7.25 4.00143585542 2.0560848215 24.1666455093 93.952507806
7.3 4.00143585542 2.05020431003 24.3438898542 93.8597012916
7.35 4.00143585542 2.04424403788 24.5216805468 93.7679457828
7.4 4.00143585542 2.03820572276 24.7000185108 93.6772585663
7.45 4.00143585542 2.03209105728 24.8789042446 93.5876567148
7.5 4.00143585542 2.0259017096 25.0583378263 93.4991570862
7.55 4.00143585542 2.01963932421 25.2383189188 93.411776323
7.6 4.00143585542 2.01330552258 25.4188467752 93.3255308505
7.65 4.00143585542 2.00690190381 25.5999202436 93.240436876
7.7 4.00143585542 2.00043004534 25.7815377732 93.1565103872
7.75 4.00143585542 1.99389150352 25.9636974188 93.0737671508
7.8 4.00143585542 1.98728781428 26.1463968469 92.9922227103
7.85 4.00143585542 1.98062049369 26.3296333411 92.9118923849
7.9 4.00143585542 1.97389103854 26.5134038076 92.8327912671
7.95 4.00143585542 1.96710092693 26.6977047811 92.7549342209
8.0 4.00143585542 1.9602516188 26.8825324302 92.6783358795
8.05 4.00143585542 1.95334455645 27.0678825636 92.6030106434
8.1 4.00143585542 1.94638116507 27.2537506356 92.5289726781
8.15 4.00143585542 1.93936285322 27.4401317526 92.4562359116
8.2 4.00143585542 1.93229101333 27.6270206784 92.3848140321
8.25 4.00143585542 1.92516702215 27.8144118409 92.3147204861
8.3 4.00143585542 1.9179922412 28.0022993378 92.245968475
8.35 4.00143585542 1.91076801719 28.1906769434 92.1785709536
8.4 4.00143585542 1.9034956825 28.3795381142 92.1125406269
8.45 4.00143585542 1.89617655548 28.5688759955 92.0478899481
8.5 4.00143585542 1.88881194095 28.7586834281 91.9846311159
8.55 4.00143585542 1.88140313049 28.9489529545 91.9227760716
8.6 4.00143585542 1.87395140285 29.1396768254 91.8623364975
8.65 4.00143585542 1.86645802426 29.3308470063 91.8033238134
8.7 4.00143585542 1.85892424882 29.5224551844 91.7457491747
8.75 4.00143585542 1.85135131874 29.7144927751 91.68962347
8.8 4.00143585542 1.84374046471 29.9069509288 91.6349573184
8.85 4.00143585542 1.83609290619 30.0998205376 91.5817610672
8.9 4.00143585542 1.82840985164 30.2930922427 91.5300447895
8.95 4.00143585542 1.82069249884 30.4867564406 91.4798182822
9.0 4.00143585542 1.81294203513 30.6808032907 91.4310910633
9.05 4.00143585542 1.80515963765 30.875222722 91.3838723702
9.1 4.00143585542 1.79734647357 31.0700044402 91.3381711571
9.15 4.00143585542 1.78950370031 31.2651379351 91.2939960935
9.2 4.00143585542 1.78163246576 31.4606124876 91.2513555617
9.25 4.00143585542 1.77373390849 31.6564171766 91.2102576552
9.3 4.00143585542 1.76580915789 31.8525408868 91.1707101767
9.35 4.00143585542 1.75785933439 32.0489723158 91.1327206367
9.4 4.00143585542 1.74988554961 32.2456999812 91.0962962516
9.45 4.00143585542 1.74188890652 32.4427122283 91.0614439421
9.5 4.00143585542 1.73387049958 32.639997237 91.0281703321
9.55 4.00143585542 1.72583141489 32.8375430298 90.9964817468
9.6 4.00143585542 1.71777273031 33.0353374788 90.9663842123
9.65 4.00143585542 1.70969551555 33.2333683132 90.9378834536
9.7 4.00143585542 1.70160083234 33.431623127 90.9109848942
9.75 4.00143585542 1.69348973446 33.6300893861 90.8856936549
9.8 4.00143585542 1.6853632679 33.8287544362 90.8620145533
9.85 4.00143585542 1.67722247087 34.0276055098 90.8399521028
9.9 4.00143585542 1.66906837395 34.2266297341 90.8195105125
9.95 4.00143585542 1.6609020001 34.4258141383 90.8006936863
10.0 4.00143585542 1.65272436475 34.6251456609 90.7835052232
10.05 4.00143585542 1.64453647582 34.8246111577 90.7679484165
10.1 4.00143585542 1.63633933381 35.0241974085 90.7540262544
10.15 4.00143585542 1.62813393181 35.2238911253 90.7417414199
10.2 4.00143585542 1.61992125553 35.423678959 90.7310962908
10.25 4.00143585542 1.61170228334 35.6235475073 90.7220929405
10.3 4.00143585542 1.60347798626 35.8234833219 90.7147331383
10.35 4.00143585542 1.595249328 36.0234729156 90.7090183501
10.4 4.00143585542 1.58701726498 36.2235027699 90.7049497393
10.45 4.00143585542 1.57878274627 36.423559342 90.7025281675
10.5 4.00143585542 1.57054671365 36.6236290723 90.7017541959
10.55 4.00143585542 1.56231010157 36.8236983909 90.7026280861
10.6 4.00143585542 1.55407383714 37.0237537256 90.7051498021
10.65 4.00143585542 1.5458388401 37.223781508 90.7093190111
10.7 4.00143585542 1.53760602281 37.4237681812 90.7151350855
10.75 4.00143585542 1.52937629025 37.6237002061 90.7225971046
10.8 4.00143585542 1.52115053991 37.8235640689 90.7317038565
10.85 4.00143585542 1.51292966184 38.023346287 90.7424538401
10.9 4.00143585542 1.50471453854 38.2230334164 90.7548452673
10.95 4.00143585542 1.49650604497 38.4226120581 90.7688760652
11.0 4.00143585542 1.48830504849 38.6220688643 90.7845438788
11.05 4.00143585542 1.48011240879 38.821390545 90.8018460733
11.1 4.00143585542 1.47192897784 39.0205638747 90.8207797367
11.15 4.00143585542 1.46375559988 39.219575698 90.8413416828
11.2 4.00143585542 1.4555931113 39.4184129359 90.8635284542
11.25 4.00143585542 1.44744234063 39.6170625921 90.8873363252
11.3 4.00143585542 1.43930410845 39.8155117588 90.9127613047
11.35 4.00143585542 1.43117922736 40.0137476221 90.9397991402
11.4 4.00143585542 1.42306850185 40.2117574683 90.9684453203
11.45 4.00143585542 1.41497272833 40.409528689 90.9986950789
11.5 4.00143585542 1.40689269497 40.6070487867 91.0305433985
11.55 4.00143585542 1.39882918168 40.8043053803 91.0639850139
11.6 4.00143585542 1.39078296005 41.0012862101 91.0990144159
11.65 4.00143585542 1.38275479325 41.1979791427 91.1356258556
11.7 4.00143585542 1.37474543597 41.3943721765 91.1738133479
11.75 4.00143585542 1.36675563436 41.5904534458 91.2135706759
11.8 4.00143585542 1.35878612594 41.7862112261 91.2548913949
11.85 4.00143585542 1.35083763955 41.9816339385 91.2977688368
11.9 4.00143585542 1.34291089527 42.1767101535 91.3421961142
11.95 4.00143585542 1.33500660434 42.3714285963 91.3881661251
12.0 4.00143585542 1.32712546909 42.5657781499 91.435671557
12.05 4.00143585542 1.31926818291 42.7597478599 91.4847048918
12.1 4.00143585542 1.31143543012 42.9533269378 91.53525841
12.15 4.00143585542 1.30362788594 43.1465047648 91.5873241958
12.2 4.00143585542 1.29584621641 43.3392708956 91.6408941414
12.25 4.00143585542 1.28809107834 43.5316150615 91.6959599522
12.3 4.00143585542 1.28036311922 43.7235271735 91.7525131509
12.35 4.00143585542 1.27266297718 43.914997326 91.8105450832
12.4 4.00143585542 1.26499128091 44.1060157992 91.8700469221
12.45 4.00143585542 1.25734864961 44.2965730621 91.9310096729
12.5 4.00143585542 1.24973569293 44.486659775 91.9934241785
12.55 4.00143585542 1.2421530109 44.6762667922 92.0572811238
12.6 4.00143585542 1.23460119392 44.8653851644 92.1225710412
12.65 4.00143585542 1.22708082263 45.0540061406 92.1892843153
12.7 4.00143585542 1.21959246792 45.2421211703 92.2574111882
12.75 4.00143585542 1.21213669089 45.4297219054 92.3269417642
12.8 4.00143585542 1.20471404272 45.6168002022 92.3978660151
12.85 4.00143585542 1.19732506474 45.8033481224 92.4701737851
12.9 4.00143585542 1.1899702883 45.9893579351 92.543854796
12.95 4.00143585542 1.18265023477 46.1748221182 92.6188986519
13.0 4.00143585542 1.17536541549 46.3597333589 92.6952948448
13.05 4.00143585542 1.16811633174 46.5440845554 92.7730327591
13.1 4.00143585542 1.16090347471 46.7278688175 92.8521016766
13.15 4.00143585542 1.15372732548 46.9110794674 92.9324907818
13.2 4.00143585542 1.14658835498 47.0937100403 93.0141891668
13.25 4.00143585542 1.13948702396 47.2757542848 93.0971858358
13.3 4.00143585542 1.13242378299 47.4572061635 93.1814697106
13.35 4.00143585542 1.12539907242 47.6380598529 93.267029635
13.4 4.00143585542 1.1184133224 47.8183097438 93.3538543798
13.45 4.00143585542 1.11146695282 47.9979504409 93.4419326476
13.5 4.00143585542 1.10456037335 48.1769767629 93.5312530774
13.55 4.00143585542 1.09769398339 48.355383742 93.6218042494
13.6 4.00143585542 1.09086817211 48.5331666239 93.7135746899
13.65 4.00143585542 1.08408331841 48.7103208667 93.8065528753
13.7 4.00143585542 1.07733979096 48.8868421406 93.9007272371
13.75 4.00143585542 1.07063794816 49.0627263272 93.9960861662
13.8 4.00143585542 1.06397813819 49.2379695182 94.0926180174
13.85 4.00143585542 1.05736069903 49.412568015 94.1903111139
13.9 4.00143585542 1.05078595842 49.5865183272 94.2891537512
13.95 4.00143585542 1.04425423393 49.7598171716 94.3891342016
14.0 4.00143585542 1.03776583296 49.9324614708 94.4902407185
14.05 4.00143585542 1.03132105277 50.104448352 94.5924615402
14.1 4.00143585542 1.02492018049 50.2757751453 94.6957848943
14.15 4.00143585542 1.01856349318 50.4464393823 94.8001990011
14.2 4.00143585542 1.01225125783 50.6164387942 94.905692078
14.25 4.00143585542 1.00598373143 50.7857713106 95.0122523432
14.3 4.00143585542 0.999761160986 50.954435057 95.1198680192
14.35 4.00143585542 0.993583783553 51.1224283535 95.2285273368
14.4 4.00143585542 0.987451826304 51.2897497123 95.3382185384
14.45 4.00143585542 0.98136550656 51.4563978362 95.4489298817
14.5 4.00143585542 0.975325031844 51.6223716158 95.5606496427
14.55 4.00143585542 0.969330599934 51.7876701282 95.6733661198
14.6 4.00143585542 0.963382398916 51.9522926339 95.7870676363
14.65 4.00143585542 0.957480607242 52.1162385749 95.9017425441
14.7 4.00143585542 0.95162539379 52.2795075726 96.0173792265
14.75 4.00143585542 0.945816917924 52.4420994246 96.1339661012
14.8 4.00143585542 0.940055329563 52.6040141032 96.2514916235
14.85 4.00143585542 0.934340769243 52.765251752 96.3699442888
14.9 4.00143585542 0.928673368191 52.9258126839 96.4893126358
14.95 4.00143585542 0.923053248393 53.0856973784 96.6095852485
15.0 4.00143585542 0.917480522669 53.2449064786 96.7307507596
15.05 4.00143585542 0.911955294747 53.403440789 96.8527978523
15.1 4.00143585542 0.906477659347 53.5613012725 96.9757152633
15.15 4.00143585542 0.901047702253 53.7184890477 97.0994917846
15.2 4.00143585542 0.895665500399 53.8750053861 97.2241162663
15.25 4.00143585542 0.890331121955 54.0308517094 97.3495776184
15.3 4.00143585542 0.885044626405 54.1860295863 97.4758648131
15.35 4.00143585542 0.879806064644 54.3405407304 97.6029668865
15.4 4.00143585542 0.874615479061 54.4943869965 97.7308729411
15.45 4.00143585542 0.869472903631 54.647570378 97.8595721473
15.5 4.00143585542 0.864378364006 54.8000930044 97.9890537449
15.55 4.00143585542 0.859331877613 54.9519571377 98.1193070455
15.6 4.00143585542 0.854333453745 55.10316517 98.2503214336
15.65 4.00143585542 0.849383093659 55.2537196203 98.3820863683
15.7 4.00143585542 0.844480790677 55.4036231317 98.5145913847
15.75 4.00143585542 0.83962653028 55.5528784683 98.6478260954
15.8 4.00143585542 0.834820290212 55.7014885124 98.781780192
15.85 4.00143585542 0.83006204058 55.8494562615 98.9164434459
15.9 4.00143585542 0.825351743959 55.9967848254 99.0518057099
15.95 4.00143585542 0.820689355492 56.1434774232 99.187856919
16.0 4.00143585542 0.816074822999 56.2895373804 99.3245870918
16.05 4.00143585542 0.811508087078 56.4349681259 99.461986331
16.1 4.00143585542 0.806989081215 56.5797731893 99.600044825
16.15 4.00143585542 0.802517731889 56.7239561979 99.7387528479
16.2 4.00143585542 0.798093958682 56.8675208735 99.878100761
16.25 4.00143585542 0.793717674383 57.01047103 100.018079013
16.3 4.00143585542 0.789388785102 57.1528105705 100.158678142
16.35 4.00143585542 0.785107190376 57.2945434841 100.299888773
16.4 4.00143585542 0.780872783283 57.4356738433 100.441701622
16.45 4.00143585542 0.776685450547 57.5762058014 100.584107495
16.5 4.00143585542 0.772545072653 57.7161435891 100.727097287
16.55 4.00143585542 0.768451523956 57.8554915127 100.870661985
16.6 4.00143585542 0.764404672794 57.9942539504 101.014792667
16.65 4.00143585542 0.760404381597 58.1324353502 101.159480502
16.7 4.00143585542 0.756450507001 58.2700402272 101.304716751
16.75 4.00143585542 0.752542899958 58.4070731604 101.450492766
16.8 4.00143585542 0.74868140585 58.5435387908 101.596799991
16.85 4.00143585542 0.744865864597 58.6794418183 101.743629964
16.9 4.00143585542 0.741096110773 58.8147869994 101.890974311
16.95 4.00143585542 0.737371973714 58.9495791446 102.038824755
17.0 4.00143585542 0.733693277631 59.0838231156 102.187173106
17.05 4.00143585542 0.730059841721 59.2175238234 102.33601127
17.1 4.00143585542 0.726471480279 59.3506862254 102.485331242
17.15 4.00143585542 0.722928002806 59.483315323 102.63512511
17.2 4.00143585542 0.719429214122 59.6154161596 102.785385052
17.25 4.00143585542 0.715974914475 59.7469938179 102.93610334
17.3 4.00143585542 0.712564899648 59.8780534176 103.087272334
17.35 4.00143585542 0.709198961075 60.0086001133 103.238884487
17.4 4.00143585542 0.70587688594 60.1386390923 103.390932339
17.45 4.00143585542 0.702598457295 60.2681755722 103.543408523
17.5 4.00143585542 0.699363454159 60.3972147988 103.696305761
17.55 4.00143585542 0.69617165163 60.525762044 103.849616863
17.6 4.00143585542 0.69302282099 60.6538226036 104.003334729
17.65 4.00143585542 0.689916729812 60.7814017956 104.157452346
17.7 4.00143585542 0.686853142061 60.9085049576 104.31196279
17.75 4.00143585542 0.683831818203 61.0351374453 104.466859222
17.8 4.00143585542 0.680852515304 61.1613046305 104.622134893
17.85 4.00143585542 0.677914987139 61.2870118987 104.777783138
17.9 4.00143585542 0.675018984287 61.412264648 104.933797378
17.95 4.00143585542 0.672164254236 61.5370682865 105.09017112
18.0 4.00143585542 0.669350541483 61.6614282311 105.246897952
18.05 4.00143585542 0.666577587632 61.7853499054 105.40397155
18.1 4.00143585542 0.663845131494 61.9088387381 105.561385671
18.15 4.00143585542 0.661152909185 62.0319001611 105.719134156
18.2 4.00143585542 0.658500654222 62.1545396083 105.877210924
18.25 4.00143585542 0.655888097616 62.2767625135 106.03560998
18.3 4.00143585542 0.653314967972 62.3985743091 106.194325407
18.35 4.00143585542 0.65078099158 62.5199804243 106.353351367
18.4 4.00143585542 0.648285892507 62.640986284 106.512682103
18.45 4.00143585542 0.64582939269 62.761597307 106.672311935
18.5 4.00143585542 0.643411212027 62.8818189047 106.832235261
18.55 4.00143585542 0.641031068467 63.0016564793 106.992446556
18.6 4.00143585542 0.638688678097 63.1211154233 107.152940371
18.65 4.00143585542 0.636383755231 63.2402011174 107.313711332
18.7 4.00143585542 0.634116012497 63.3589189293 107.474754141
18.75 4.00143585542 0.63188516092 63.4772742127 107.636063572
18.8 4.00143585542 0.62969091001 63.5952723061 107.797634474
18.85 4.00143585542 0.627532967842 63.7129185312 107.959461766
18.9 4.00143585542 0.625411041142 63.8302181922 108.12154044
18.95 4.00143585542 0.623324835362 63.9471765742 108.28386556
19.0 4.00143585542 0.621274054766 64.0637989425 108.446432259
19.05 4.00143585542 0.619258402507 64.1800905415 108.609235738
19.1 4.00143585542 0.617277580702 64.2960565933 108.772271268
19.15 4.00143585542 0.615331290514 64.4117022971 108.935534187
19.2 4.00143585542 0.61341923222 64.527032828 109.099019901
19.25 4.00143585542 0.611541105293 64.6420533361 109.262723881
19.3 4.00143585542 0.609696608471 64.7567689457 109.426641665
19.35 4.00143585542 0.607885439828 64.8711847543 109.590768854
19.4 4.00143585542 0.606107296849 64.9853058316 109.755101113
19.45 4.00143585542 0.604361876497 65.0991372192 109.919634172
19.5 4.00143585542 0.602648875279 65.2126839291 110.08436382
19.55 4.00143585542 0.600967989321 65.3259509434 110.249285912
19.6 4.00143585542 0.599318914428 65.4389432134 110.41439636
19.65 4.00143585542 0.597701346149 65.5516656591 110.579691138
19.7 4.00143585542 0.596114979848 65.6641231681 110.74516628
19.75 4.00143585542 0.594559510756 65.7763205953 110.910817877
19.8 4.00143585542 0.593034634045 65.888262762 111.076642079
19.85 4.00143585542 0.591540044879 65.9999544557 111.242635092
19.9 4.00143585542 0.590075438479 66.1114004289 111.408793179
19.95 4.00143585542 0.588640510178 66.2226053991 111.575112661
20.0 4.00143585542 0.587234955483 66.3335740481 111.741589911
20.05 4.00143585542 0.585858470126 66.4443110211 111.908221357
20.1 4.00143585542 0.584510750123 66.554820927 112.075003481
20.15 4.00143585542 0.583191491826 66.6651083371 112.241932818
20.2 4.00143585542 0.581900391979 66.7751777851 112.409005955
20.25 4.00143585542 0.580637147764 66.8850337669 112.576219532
20.3 4.00143585542 0.579401456859 66.9946807396 112.743570237
20.35 4.00143585542 0.578193017483 67.1041231215 112.911054811
20.4 4.00143585542 0.577011528447 67.2133652917 113.078670043
20.45 4.00143585542 0.575856689201 67.3224115898 113.24641277
20.5 4.00143585542 0.574728199879 67.4312663155 113.414279881
20.55 4.00143585542 0.573625761349 67.5399337282 113.582268308
20.6 4.00143585542 0.572549075254 67.648418047 113.750375033
20.65 4.00143585542 0.571497844054 67.7567234503 113.918597083
20.7 4.00143585542 0.570471771076 67.8648540753 114.086931532
20.75 4.00143585542 0.569470560547 67.9728140185 114.255375498
20.8 4.00143585542 0.56849391764 68.0806073344 114.423926143
20.85 4.00143585542 0.567541548513 68.1882380365 114.592580675
20.9 4.00143585542 0.566613160345 68.2957100962 114.761336344
20.95 4.00143585542 0.565708461377 68.4030274431 114.930190443
21.0 4.00143585542 0.564827160947 68.5101939649 115.099140306
21.05 4.00143585542 0.563968969527 68.6172135069 115.26818331
21.1 4.00143585542 0.563133598756 68.7240898724 115.437316874
21.15 4.00143585542 0.562320761475 68.8308268222 115.606538456
21.2 4.00143585542 0.561530171763 68.9374280747 115.775845553
21.25 4.00143585542 0.560761544964 69.0438973057 115.945235704
21.3 4.00143585542 0.560014597721 69.1502381487 116.114706484
21.35 4.00143585542 0.559289048008 69.2564541943 116.28425551
21.4 4.00143585542 0.558584615157 69.3625489909 116.453880434
21.45 4.00143585542 0.557901019887 69.4685260438 116.623578946
21.5 4.00143585542 0.557237984333 69.5743888162 116.793348773
21.55 4.00143585542 0.556595232074 69.6801407284 116.963187679
21.6 4.00143585542 0.555972488157 69.7857851581 117.133093463
21.65 4.00143585542 0.555369479122 69.8913254408 117.30306396
21.7 4.00143585542 0.554785933028 69.9967648691 117.473097039
21.75 4.00143585542 0.55422157948 70.1021066935 117.643190605
21.8 4.00143585542 0.553676149644 70.2073541221 117.813342596
21.85 4.00143585542 0.553149376278 70.3125103207 117.983550984
21.9 4.00143585542 0.552640993746 70.4175784129 118.153813773
21.95 4.00143585542 0.552150738046 70.5225614804 118.324129001
22.0 4.00143585542 0.551678346823 70.6274625628 118.494494739
22.05 4.00143585542 0.551223559392 70.7322846579 118.664909086
22.1 4.00143585542 0.550786116759 70.837030722 118.835370178
22.15 4.00143585542 0.550365761633 70.9417036696 119.005876177
22.2 4.00143585542 0.549962238447 71.0463063738 119.176425278
22.25 4.00143585542 0.549575293374 71.1508416668 119.347015707
22.3 4.00143585542 0.549204674342 71.2553123392 119.517645717
22.35 4.00143585542 0.548850131049 71.3597211412 119.688313593
22.4 4.00143585542 0.548511414979 71.4640707819 119.859017648
22.45 4.00143585542 0.548188279415 71.5683639301 120.029756224
22.5 4.00143585542 0.547880479451 71.6726032141 120.20052769
22.55 4.00143585542 0.547587772006 71.7767912221 120.371330444
22.6 4.00143585542 0.547309915836 71.8809305024 120.542162913
22.65 4.00143585542 0.547046671544 71.9850235635 120.713023548
22.7 4.00143585542 0.546797801592 72.0890728746 120.883910829
22.75 4.00143585542 0.546563070312 72.1930808653 121.054823263
22.8 4.00143585542 0.546342243912 72.2970499265 121.225759381
22.85 4.00143585542 0.54613509049 72.40098241 121.396717741
22.9 4.00143585542 0.545941380037 72.5048806291 121.567696928
22.95 4.00143585542 0.545760884449 72.608746859 121.738695549
23.0 4.00143585542 0.545593377535 72.7125833366 121.909712238
23.05 4.00143585542 0.545438635018 72.816392261 122.080745654
23.1 4.00143585542 0.545296434549 72.9201757939 122.251794479
23.15 4.00143585542 0.545166555707 73.0239360595 122.422857419
23.2 4.00143585542 0.545048780007 73.1276751451 122.593933205
23.25 4.00143585542 0.544942890904 73.2313951014 122.765020588
23.3 4.00143585542 0.544848673797 73.3350979424 122.936118347
23.35 4.00143585542 0.544765916035 73.438785646 123.10722528
23.4 4.00143585542 0.544694406916 73.5424601543 123.278340208
23.45 4.00143585542 0.544633937697 73.6461233735 123.449461975
23.5 4.00143585542 0.544584301588 73.7497771749 123.620589447
23.55 4.00143585542 0.544545293759 73.8534233943 123.791721511
23.6 4.00143585542 0.544516711344 73.9570638331 123.962857077
23.65 4.00143585542 0.544498353435 74.0607002582 124.133995073
23.7 4.00143585542 0.544490021089 74.1643344022 124.30513445
23.75 4.00143585542 0.544491517327 74.2679679641 124.47627418
23.8 4.00143585542 0.54450264713 74.3716026091 124.647413254
23.85 4.00143585542 0.544523217445 74.4752399694 124.818550683
23.9 4.00143585542 0.544553037179 74.5788816443 124.9896855
23.95 4.00143585542 0.544591917202 74.6825292001 125.160816755
24.0 4.00143585542 0.54463967034 74.7861841714 125.331943518
24.05 4.00143585542 0.544696111379 74.8898480604 125.50306488
24.1 4.00143585542 0.544761057059 74.9935223377 125.674179948
24.15 4.00143585542 0.544834326073 75.0972084426 125.845287849
24.2 4.00143585542 0.544915739064 75.2009077834 126.016387729
24.25 4.00143585542 0.54500511862 75.3046217376 126.187478752
24.3 4.00143585542 0.545102289273 75.4083516524 126.358560098
24.35 4.00143585542 0.545207077494 75.5120988448 126.529630967
24.4 4.00143585542 0.545319311687 75.6158646021 126.700690576
24.45 4.00143585542 0.545438822188 75.7196501822 126.871738159
24.5 4.00143585542 0.545565441259 75.8234568139 127.042772966
24.55 4.00143585542 0.545699003079 75.9272856969 127.213794267
24.6 4.00143585542 0.545839343747 76.0311380029 127.384801345
24.65 4.00143585542 0.545986301266 76.1350148752 127.555793502
24.7 4.00143585542 0.546139715547 76.2389174291 127.726770054
24.75 4.00143585542 0.546299428395 76.3428467527 127.897730336
24.8 4.00143585542 0.546465283509 76.4468039067 128.068673695
24.85 4.00143585542 0.546637126471 76.550789925 128.239599499
24.9 4.00143585542 0.546814804738 76.654805815 128.410507125
24.95 4.00143585542 0.546998167642 76.7588525578 128.58139597
25.0 4.00143585542 0.547187066374 76.8629311085 128.752265445
25.05 4.00143585542 0.547381353982 76.9670423968 128.923114975
25.1 4.00143585542 0.547580885362 77.0711873271 129.093943999
25.15 4.00143585542 0.547785517248 77.1753667786 129.264751973
25.2 4.00143585542 0.547995108208 77.2795816062 129.435538366
25.25 4.00143585542 0.54820951863 77.3838326402 129.60630266
25.3 4.00143585542 0.548428610719 77.4881206871 129.777044352
25.35 4.00143585542 0.548652248485 77.5924465296 129.947762952
25.4 4.00143585542 0.548880297732 77.696810927 130.118457987
25.45 4.00143585542 0.549112626056 77.8012146156 130.289128991
25.5 4.00143585542 0.549349102827 77.9056583088 130.459775518
25.55 4.00143585542 0.549589599187 78.0101426978 130.63039713
25.6 4.00143585542 0.549833988036 78.1146684515 130.800993405
25.65 4.00143585542 0.550082144023 78.2192362169 130.971563931
25.7 4.00143585542 0.550333943536 78.3238466196 131.142108311
25.75 4.00143585542 0.550589264694 78.428500264 131.31262616
25.8 4.00143585542 0.550847987333 78.5331977334 131.483117104
25.85 4.00143585542 0.551109992999 78.6379395906 131.653580782
25.9 4.00143585542 0.551375164936 78.7427263782 131.824016844
25.95 4.00143585542 0.551643388076 78.8475586185 131.994424952
26.0 4.00143585542 0.551914549027 78.9524368143 132.164804781
26.05 4.00143585542 0.552188536063 79.057361449 132.335156015
26.1 4.00143585542 0.552465239115 79.1623329865 132.505478352
26.15 4.00143585542 0.552744549755 79.2673518723 132.675771498
26.2 4.00143585542 0.553026361191 79.372418533 132.846035172
26.25 4.00143585542 0.553310568249 79.4775333773 133.016269104
26.3 4.00143585542 0.553597067369 79.5826967954 133.186473033
26.35 4.00143585542 0.553885756585 79.6879091603 133.35664671
26.4 4.00143585542 0.554176535523 79.7931708274 133.526789895
26.45 4.00143585542 0.554469305382 79.8984821347 133.696902359
26.5 4.00143585542 0.554763968923 80.0038434037 133.866983884
26.55 4.00143585542 0.555060430463 80.1092549392 134.037034259
26.6 4.00143585542 0.555358595856 80.2147170297 134.207053286
26.65 4.00143585542 0.555658372486 80.3202299474 134.377040774
26.7 4.00143585542 0.555959669252 80.4257939492 134.546996543
26.75 4.00143585542 0.556262396556 80.5314092761 134.716920422
26.8 4.00143585542 0.556566466296 80.637076154 134.886812249
26.85 4.00143585542 0.556871791845 80.7427947938 135.056671871
26.9 4.00143585542 0.557178288047 80.8485653918 135.226499144
26.95 4.00143585542 0.557485871199 80.9543881297 135.396293932
27.0 4.00143585542 0.557794459044 81.0602631751 135.566056109
27.05 4.00143585542 0.558103970752 81.1661906814 135.735785556
27.1 4.00143585542 0.558414326914 81.2721707887 135.905482164
27.15 4.00143585542 0.558725449527 81.3782036235 136.075145831
27.2 4.00143585542 0.559037261978 81.4842892988 136.244776464
27.25 4.00143585542 0.559349689039 81.5904279151 136.414373976
27.3 4.00143585542 0.559662656849 81.69661956 136.583938289
27.35 4.00143585542 0.559976092901 81.8028643085 136.753469335
27.4 4.00143585542 0.560289926035 81.9091622236 136.922967049
27.45 4.00143585542 0.560604086418 82.0155133562 137.092431377
27.5 4.00143585542 0.560918505538 82.1219177454 137.261862271
27.55 4.00143585542 0.561233116188 82.2283754188 137.431259691
27.6 4.00143585542 0.561547852453 82.3348863927 137.600623602
27.65 4.00143585542 0.561862649699 82.4414506724 137.769953978
27.7 4.00143585542 0.56217744456 82.5480682522 137.939250799
27.75 4.00143585542 0.562492174926 82.6547391159 138.108514052
27.8 4.00143585542 0.562806779929 82.7614632368 138.27774373
27.85 4.00143585542 0.56312119993 82.8682405782 138.446939833
27.9 4.00143585542 0.563435376508 82.9750710931 138.616102367
27.95 4.00143585542 0.563749252449 83.081954725 138.785231345
28.0 4.00143585542 0.564062771729 83.1888914078 138.954326785
28.05 4.00143585542 0.564375879503 83.2958810661 139.123388712
28.1 4.00143585542 0.564688522097 83.4029236151 139.292417155
28.15 4.00143585542 0.565000646988 83.5100189614 139.461412151
28.2 4.00143585542 0.565312202796 83.6171670026 139.630373742
28.25 4.00143585542 0.565623139273 83.724367628 139.799301975
28.3 4.00143585542 0.565933407285 83.8316207184 139.968196902
28.35 4.00143585542 0.566242958805 83.9389261465 140.137058583
28.4 4.00143585542 0.566551746899 84.046283777 140.305887079
28.45 4.00143585542 0.566859725711 84.153693467 140.474682459
28.5 4.00143585542 0.567166850455 84.2611550659 140.643444797
28.55 4.00143585542 0.567473077398 84.3686684156 140.812174171
28.6 4.00143585542 0.567778363852 84.4762333511 140.980870663
28.65 4.00143585542 0.56808266816 84.5838497001 141.149534362
28.7 4.00143585542 0.568385949683 84.6915172834 141.31816536
28.75 4.00143585542 0.568688168789 84.7992359155 141.486763754
28.8 4.00143585542 0.568989286841 84.9070054041 141.655329644
28.85 4.00143585542 0.569289266183 85.0148255506 141.823863136
28.9 4.00143585542 0.569588070132 85.1226961503 141.99236434
28.95 4.00143585542 0.569885662961 85.2306169925 142.160833369
29.0 4.00143585542 0.570182009892 85.3385878606 142.329270341
29.05 4.00143585542 0.570477077078 85.4466085325 142.497675378
29.1 4.00143585542 0.570770831598 85.5546787804 142.666048605
29.15 4.00143585542 0.571063241442 85.6627983713 142.83439015
29.2 4.00143585542 0.571354275498 85.770967067 143.002700148
29.25 4.00143585542 0.571643903543 85.8791846242 143.170978733
29.3 4.00143585542 0.571932096228 85.9874507946 143.339226046
29.35 4.00143585542 0.572218825072 86.0957653255 143.50744223
29.4 4.00143585542 0.572504062443 86.2041279594 143.67562743
29.45 4.00143585542 0.572787781554 86.3125384342 143.843781796
29.5 4.00143585542 0.573069956447 86.4209964839 144.011905481
29.55 4.00143585542 0.573350561983 86.529501838 144.179998641
29.6 4.00143585542 0.573629573829 86.6380542221 144.348061432
29.65 4.00143585542 0.573906968452 86.7466533579 144.516094017
29.7 4.00143585542 0.574182723102 86.8552989635 144.68409656
29.75 4.00143585542 0.574456815804 86.9639907531 144.852069227
29.8 4.00143585542 0.574729225346 87.0727284377 145.020012188
29.85 4.00143585542 0.574999931268 87.1815117247 145.187925613
29.9 4.00143585542 0.575268913853 87.2903403186 145.355809678
29.95 4.00143585542 0.575536154113 87.3992139204 145.523664558
30.0 4.00143585542 0.575801633783 87.5081322285 145.691490433
30.05 4.00143585542 0.576065335303 87.6170949381 145.859287483
30.1 4.00143585542 0.576327241816 87.7261017419 146.027055891
30.15 4.00143585542 0.57658733715 87.83515233 146.194795842
30.2 4.00143585542 0.576845605814 87.9442463898 146.362507524
30.25 4.00143585542 0.577102032982 88.0533836064 146.530191125
30.3 4.00143585542 0.577356604487 88.1625636627 146.697846835
30.35 4.00143585542 0.577609306807 88.2717862394 146.865474849
30.4 4.00143585542 0.577860127059 88.3810510151 147.033075358
30.45 4.00143585542 0.578109052986 88.4903576663 147.20064856
30.5 4.00143585542 0.578356072947 88.599705868 147.368194652
30.55 4.00143585542 0.578601175909 88.7090952931 147.535713832
30.6 4.00143585542 0.578844351437 88.8185256132 147.703206301
30.65 4.00143585542 0.57908558968 88.927996498 147.87067226
30.7 4.00143585542 0.579324881367 89.037507616 148.038111912
30.75 4.00143585542 0.579562217797 89.1470586342 148.205525462
30.8 4.00143585542 0.579797590822 89.2566492184 148.372913113
30.85 4.00143585542 0.580030992849 89.3662790333 148.540275074
30.9 4.00143585542 0.58026241682 89.4759477425 148.70761155
30.95 4.00143585542 0.58049185621 89.5856550085 148.874922751
31.0 4.00143585542 0.580719305014 89.6954004929 149.042208885
31.05 4.00143585542 0.580944757741 89.8051838567 149.209470163
31.1 4.00143585542 0.581168209401 89.9150047599 149.376706796
31.15 4.00143585542 0.581389655497 90.0248628621 149.543918995
31.2 4.00143585542 0.58160909202 90.1347578221 149.711106972
31.25 4.00143585542 0.581826515436 90.2446892985 149.878270941
31.3 4.00143585542 0.582041922678 90.3546569491 150.045411116
31.35 4.00143585542 0.582255311139 90.4646604318 150.21252771
31.4 4.00143585542 0.582466678662 90.5746994039 150.379620937
31.45 4.00143585542 0.58267602353 90.6847735227 150.546691014
31.5 4.00143585542 0.582883344463 90.7948824453 150.713738155
31.55 4.00143585542 0.583088640603 90.9050258288 150.880762576
31.6 4.00143585542 0.583291911511 91.0152033304 151.047764493
31.65 4.00143585542 0.583493157155 91.1254146072 151.214744122
31.7 4.00143585542 0.583692377905 91.2356593167 151.38170168
31.75 4.00143585542 0.583889574523 91.3459371164 151.548637383
31.8 4.00143585542 0.584084748155 91.4562476644 151.715551448
31.85 4.00143585542 0.584277900325 91.5665906187 151.882444092
31.9 4.00143585542 0.584469032926 91.6769656381 152.049315531
31.95 4.00143585542 0.584658148211 91.7873723818 152.216165983
32.0 4.00143585542 0.584845248788 91.8978105093 152.382995663
32.05 4.00143585542 0.585030337612 92.0082796811 152.549804788
32.1 4.00143585542 0.585213417974 92.1187795579 152.716593575
32.15 4.00143585542 0.585394493501 92.2293098013 152.883362239
32.2 4.00143585542 0.58557356814 92.3398700738 153.050110997
32.25 4.00143585542 0.585750646156 92.4504600386 153.216840064
32.3 4.00143585542 0.585925732125 92.5610793595 153.383549656
32.35 4.00143585542 0.586098830926 92.6717277015 153.550239988
32.4 4.00143585542 0.586269947732 92.7824047306 153.716911273
32.45 4.00143585542 0.586439088007 92.8931101135 153.883563727
32.5 4.00143585542 0.586606257495 93.0038435181 154.050197563
32.55 4.00143585542 0.586771462218 93.1146046136 154.216812994
32.6 4.00143585542 0.586934708464 93.22539307 154.383410233
32.65 4.00143585542 0.587096002787 93.3362085586 154.549989492
32.7 4.00143585542 0.587255351993 93.447050752 154.716550984
32.75 4.00143585542 0.587412763139 93.557919324 154.883094918
32.8 4.00143585542 0.587568243526 93.6688139495 155.049621505
32.85 4.00143585542 0.58772180069 93.7797343052 155.216130954
32.9 4.00143585542 0.587873442397 93.8906800686 155.382623476
32.95 4.00143585542 0.588023176641 94.0016509192 155.549099278
33.0 4.00143585542 0.588171011632 94.1126465374 155.715558567
33.05 4.00143585542 0.588316955791 94.2236666054 155.88200155
33.1 4.00143585542 0.588461017749 94.334710807 156.048428433
33.15 4.00143585542 0.588603206336 94.4457788271 156.214839422
33.2 4.00143585542 0.588743530576 94.5568703526 156.38123472
33.25 4.00143585542 0.588881999686 94.6679850719 156.54761453
33.3 4.00143585542 0.589018623063 94.7791226749 156.713979056
33.35 4.00143585542 0.589153410285 94.8902828533 156.880328498
33.4 4.00143585542 0.589286371103 95.0014653005 157.046663058
33.45 4.00143585542 0.589417515433 95.1126697114 157.212982934
33.5 4.00143585542 0.589546853356 95.2238957829 157.379288325
33.55 4.00143585542 0.589674395108 95.3351432137 157.545579429
33.6 4.00143585542 0.589800151081 95.4464117039 157.711856443
33.65 4.00143585542 0.589924131809 95.5577009559 157.878119562
33.7 4.00143585542 0.59004634797 95.6690106737 158.04436898
33.75 4.00143585542 0.590166810381 95.780340563 158.21060489
33.8 4.00143585542 0.590285529987 95.8916903318 158.376827486
33.85 4.00143585542 0.590402517865 96.0030596895 158.543036957
33.9 4.00143585542 0.590517785211 96.1144483479 158.709233494
33.95 4.00143585542 0.590631343341 96.2258560203 158.875417286
34.0 4.00143585542 0.590743203683 96.3372824224 159.041588521
34.05 4.00143585542 0.590853377777 96.4487272715 159.207747384
34.1 4.00143585542 0.590961877264 96.560190287 159.373894061
34.15 4.00143585542 0.591068713886 96.6716711904 159.540028737
34.2 4.00143585542 0.591173899483 96.7831697052 159.706151593
34.25 4.00143585542 0.591277445985 96.8946855568 159.872262812
34.3 4.00143585542 0.591379365408 97.0062184727 160.038362574
34.35 4.00143585542 0.591479669854 97.1177681825 160.204451058
34.4 4.00143585542 0.591578371503 97.2293344179 160.370528442
34.45 4.00143585542 0.59167548261 97.3409169127 160.536594901
34.5 4.00143585542 0.591771015503 97.4525154026 160.702650613
34.55 4.00143585542 0.591864982575 97.5641296256 160.86869575
34.6 4.00143585542 0.591957396286 97.6757593218 161.034730484
34.65 4.00143585542 0.592048269153 97.7874042333 161.200754988
34.7 4.00143585542 0.592137613751 97.8990641045 161.366769432
34.75 4.00143585542 0.592225442708 98.0107386817 161.532773983
34.8 4.00143585542 0.592311768699 98.1224277136 161.69876881
34.85 4.00143585542 0.592396604448 98.2341309508 161.864754077
34.9 4.00143585542 0.59247996272 98.3458481464 162.03072995
34.95 4.00143585542 0.592561856318 98.4575790553 162.196696592
35.0 4.00143585542 0.592642298081 98.5693234348 162.362654165
35.05 4.00143585542 0.592721300883 98.6810810443 162.528602828
35.1 4.00143585542 0.592798877623 98.7928516454 162.694542742
35.15 4.00143585542 0.592875041229 98.9046350018 162.860474064
35.2 4.00143585542 0.592949804651 99.0164308794 163.026396949
35.25 4.00143585542 0.593023180861 99.1282390464 163.192311554
35.3 4.00143585542 0.593095182844 99.2400592732 163.358218031
35.35 4.00143585542 0.593165823604 99.3518913321 163.524116533
35.4 4.00143585542 0.593235116152 99.463734998 163.690007209
35.45 4.00143585542 0.593303073512 99.5755900476 163.855890211
35.5 4.00143585542 0.593369708708 99.6874562602 164.021765684
35.55 4.00143585542 0.593435034773 99.7993334169 164.187633777
35.6 4.00143585542 0.593499064737 99.9112213011 164.353494633
35.65 4.00143585542 0.593561811629 100.023119699 164.519348396
35.7 4.00143585542 0.593623288473 100.135028397 164.685195209
35.75 4.00143585542 0.593683508286 100.246947187 164.851035213
35.8 4.00143585542 0.593742484075 100.35887586 165.016868546
35.85 4.00143585542 0.593800228836 100.470814211 165.182695347
35.9 4.00143585542 0.593856755549 100.582762036 165.348515752
35.95 4.00143585542 0.593912077181 100.694719134 165.514329896
36.0 4.00143585542 0.593966206676 100.806685306 165.680137913
36.05 4.00143585542 0.59401915696 100.918660355 165.845939936
36.1 4.00143585542 0.594070940933 101.030644086 166.011736094
36.15 4.00143585542 0.594121571474 101.142636307 166.177526519
36.2 4.00143585542 0.594171061431 101.254636827 166.343311336
36.25 4.00143585542 0.594219423624 101.366645458 166.509090674
36.3 4.00143585542 0.594266670843 101.478662014 166.674864657
36.35 4.00143585542 0.594312815842 101.59068631 166.84063341
36.4 4.00143585542 0.594357871344 101.702718166 167.006397054
36.45 4.00143585542 0.594401850031 101.8147574 167.17215571
36.5 4.00143585542 0.59444476455 101.926803835 167.337909499
36.55 4.00143585542 0.594486627505 102.038857297 167.503658538
36.6 4.00143585542 0.59452745146 102.150917611 167.669402945
36.65 4.00143585542 0.594567248935 102.262984605 167.835142834
36.7 4.00143585542 0.594606032403 102.375058112 168.000878321
36.75 4.00143585542 0.594643814293 102.487137963 168.166609516
36.8 4.00143585542 0.594680606983 102.599223994 168.332336533
36.85 4.00143585542 0.594716422802 102.71131604 168.49805948
36.9 4.00143585542 0.594751274029 102.823413943 168.663778467
36.95 4.00143585542 0.594785172889 102.935517541 168.8294936
37.0 4.00143585542 0.594818131554 103.047626679 168.995204986
37.05 4.00143585542 0.594850162138 103.159741202 169.160912729
37.1 4.00143585542 0.594881276702 103.271860956 169.326616933
37.15 4.00143585542 0.594911487246 103.383985791 169.492317698
37.2 4.00143585542 0.594940805713 103.496115557 169.658015126
37.25 4.00143585542 0.594969243984 103.608250109 169.823709317
37.3 4.00143585542 0.59499681388 103.7203893 169.989400367
37.35 4.00143585542 0.595023527158 103.832532988 170.155088373
37.4 4.00143585542 0.595049395512 103.944681032 170.320773431
37.45 4.00143585542 0.595074430571 104.056833293 170.486455635
37.5 4.00143585542 0.595098643898 104.168989634 170.652135077
37.55 4.00143585542 0.59512204699 104.281149919 170.817811849
37.6 4.00143585542 0.595144651276 104.393314014 170.983486041
37.65 4.00143585542 0.595166468115 104.50548179 171.149157741
37.7 4.00143585542 0.5951875088 104.617653115 171.314827039
37.75 4.00143585542 0.595207784549 104.729827863 171.480494019
37.8 4.00143585542 0.595227306513 104.842005907 171.646158767
37.85 4.00143585542 0.595246085769 104.954187123 171.811821366
37.9 4.00143585542 0.59526413332 105.06637139 171.9774819
37.95 4.00143585542 0.595281460098 105.178558586 172.14314045
38.0 4.00143585542 0.595298076961 105.290748594 172.308797097
38.05 4.00143585542 0.595313994689 105.402941297 172.474451918
38.1 4.00143585542 0.595329223989 105.515136579 172.640104992
38.15 4.00143585542 0.595343775492 105.627334328 172.805756395
38.2 4.00143585542 0.595357659752 105.739534431 172.971406203
38.25 4.00143585542 0.595370887245 105.85173678 173.137054491
38.3 4.00143585542 0.595383468369 105.963941267 173.30270133
38.35 4.00143585542 0.595395413444 106.076147785 173.468346794
38.4 4.00143585542 0.595406732713 106.188356229 173.633990953
38.45 4.00143585542 0.595417436338 106.300566497 173.799633876
38.5 4.00143585542 0.5954275344 106.412778488 173.965275632
38.55 4.00143585542 0.595437036903 106.524992102 174.130916288
38.6 4.00143585542 0.595445953767 106.637207242 174.296555911
38.65 4.00143585542 0.595454294835 106.74942381 174.462194566
38.7 4.00143585542 0.595462069866 106.861641713 174.627832317
38.75 4.00143585542 0.595469288538 106.973860858 174.793469227
38.8 4.00143585542 0.595475960447 107.086081153 174.959105357
38.85 4.00143585542 0.595482095108 107.198302509 175.124740768
38.9 4.00143585542 0.595487701953 107.310524837 175.290375521
38.95 4.00143585542 0.595492790331 107.42274805 175.456009674
39.0 4.00143585542 0.595497369508 107.534972064 175.621643285
39.05 4.00143585542 0.595501448669 107.647196795 175.78727641
39.1 4.00143585542 0.595505036913 107.759422161 175.952909104
39.15 4.00143585542 0.595508143258 107.871648081 176.118541424
39.2 4.00143585542 0.595510776636 107.983874476 176.284173421
39.25 4.00143585542 0.595512945899 108.096101269 176.449805148
39.3 4.00143585542 0.595514659813 108.208328383 176.615436658
39.35 4.00143585542 0.59551592706 108.320555744 176.781068001
39.4 4.00143585542 0.59551675624 108.432783279 176.946699226
39.45 4.00143585542 0.595517155867 108.545010915 177.112330382
39.5 4.00143585542 0.595517134372 108.657238583 177.277961517
39.55 4.00143585542 0.595516700104 108.769466212 177.443592678
39.6 4.00143585542 0.595515861325 108.881693737 177.60922391
39.65 4.00143585542 0.595514626215 108.993921089 177.774855259
39.7 4.00143585542 0.595513002871 109.106148204 177.940486768
39.75 4.00143585542 0.595510999305 109.218375019 178.106118481
39.8 4.00143585542 0.595508623445 109.330601471 178.27175044
39.85 4.00143585542 0.595505883137 109.442827499 178.437382686
39.9 4.00143585542 0.595502786142 109.555053044 178.603015259
39.95 4.00143585542 0.595499340139 109.667278047 178.7686482
40.0 4.00143585542 0.595495552722 109.779502451 178.934281546
40.05 4.00143585542 0.595491431405 109.891726199 179.099915336
40.1 4.00143585542 0.595486983617 110.003949238 179.265549608
40.15 4.00143585542 0.595482216704 110.116171513 179.431184396
40.2 4.00143585542 0.59547713793 110.228392974 179.596819737
40.25 4.00143585542 0.595471754477 110.340613567 179.762455665
40.3 4.00143585542 0.595466073445 110.452833244 179.928092214
40.35 4.00143585542 0.595460101852 110.565051956 180.093729417
40.4 4.00143585542 0.595453846634 110.677269655 180.259367306
40.45 4.00143585542 0.595447314646 110.789486295 180.425005912
40.5 4.00143585542 0.595440512662 110.901701831 180.590645267
40.55 4.00143585542 0.595433447374 111.013916218 180.7562854
40.6 4.00143585542 0.595426125395 111.126129414 180.92192634
40.65 4.00143585542 0.595418553257 111.238341375 181.087568116
40.7 4.00143585542 0.595410737411 111.350552063 181.253210755
40.75 4.00143585542 0.59540268423 111.462761436 181.418854284
40.8 4.00143585542 0.595394400008 111.574969455 181.584498731
40.85 4.00143585542 0.595385890957 111.687176084 181.750144119
40.9 4.00143585542 0.595377163214 111.799381285 181.915790475
40.95 4.00143585542 0.595368222834 111.911585023 182.081437821
41.0 4.00143585542 0.595359075798 112.023787262 182.247086183
41.05 4.00143585542 0.595349728006 112.13598797 182.412735582
41.1 4.00143585542 0.595340185282 112.248187113 182.578386041
41.15 4.00143585542 0.595330453373 112.360384659 182.744037582
41.2 4.00143585542 0.595320537951 112.472580578 182.909690224
41.25 4.00143585542 0.595310444609 112.58477484 183.07534399
41.3 4.00143585542 0.595300178867 112.696967415 183.240998897
41.35 4.00143585542 0.595289746167 112.809158276 183.406654965
41.4 4.00143585542 0.595279151879 112.921347395 183.572312213
41.45 4.00143585542 0.595268401298 113.033534746 183.737970659
41.5 4.00143585542 0.595257499642 113.145720304 183.903630319
41.55 4.00143585542 0.59524645206 113.257904044 184.06929121
41.6 4.00143585542 0.595235263624 113.370085941 184.234953348
41.65 4.00143585542 0.595223939336 113.482265974 184.400616749
41.7 4.00143585542 0.595212484124 113.59444412 184.566281428
41.75 4.00143585542 0.595200902844 113.706620357 184.7319474
41.8 4.00143585542 0.595189200283 113.818794666 184.897614677
41.85 4.00143585542 0.595177381155 113.930967026 185.063283273
41.9 4.00143585542 0.595165450105 114.043137419 185.228953202
41.95 4.00143585542 0.595153411706 114.155305827 185.394624474
42.0 4.00143585542 0.595141270464 114.267472231 185.560297103
42.05 4.00143585542 0.595129030815 114.379636616 185.7259711
42.1 4.00143585542 0.595116697127 114.491798965 185.891646474
42.15 4.00143585542 0.595104273698 114.603959263 186.057323237
42.2 4.00143585542 0.595091764762 114.716117496 186.223001398
42.25 4.00143585542 0.595079174483 114.828273649 186.388680967
42.3 4.00143585542 0.59506650696 114.94042771 186.554361952
42.35 4.00143585542 0.595053766227 115.052579666 186.720044362
42.4 4.00143585542 0.59504095625 115.164729506 186.885728205
42.45 4.00143585542 0.595028080932 115.276877217 187.051413488
42.5 4.00143585542 0.595015144111 115.38902279 187.217100219
42.55 4.00143585542 0.595002149562 115.501166215 187.382788404
42.6 4.00143585542 0.594989100994 115.613307482 187.548478049
42.65 4.00143585542 0.594976002057 115.725446583 187.71416916
42.7 4.00143585542 0.594962856335 115.83758351 187.879861742
42.75 4.00143585542 0.594949667353 115.949718255 188.045555802
42.8 4.00143585542 0.594936438573 116.061850811 188.211251342
42.85 4.00143585542 0.594923173397 116.173981172 188.376948368
42.9 4.00143585542 0.594909875167 116.286109333 188.542646883
42.95 4.00143585542 0.594896547164 116.398235287 188.708346891
43.0 4.00143585542 0.594883192612 116.510359031 188.874048395
43.05 4.00143585542 0.594869814674 116.62248056 189.039751397
43.1 4.00143585542 0.594856416458 116.73459987 189.205455901
43.15 4.00143585542 0.59484300101 116.846716959 189.371161907
43.2 4.00143585542 0.594829571324 116.958831823 189.536869419
43.25 4.00143585542 0.594816130334 117.070944461 189.702578437
43.3 4.00143585542 0.59480268092 117.183054871 189.868288963
43.35 4.00143585542 0.594789225905 117.295163052 190.034000996
43.4 4.00143585542 0.594775768058 117.407269003 190.199714538
43.45 4.00143585542 0.594762310094 117.519372723 190.365429589
43.5 4.00143585542 0.594748854675 117.631474214 190.531146148
43.55 4.00143585542 0.594735404407 117.743573475 190.696864216
43.6 4.00143585542 0.594721961847 117.855670508 190.862583791
43.65 4.00143585542 0.594708529496 117.967765314 191.028304872
43.7 4.00143585542 0.594695109807 118.079857895 191.194027458
43.75 4.00143585542 0.594681705178 118.191948253 191.359751548
43.8 4.00143585542 0.594668317962 118.304036391 191.525477139
43.85 4.00143585542 0.594654950456 118.416122313 191.691204229
43.9 4.00143585542 0.594641604911 118.52820602 191.856932817
43.95 4.00143585542 0.594628283529 118.640287518 192.022662899
44.0 4.00143585542 0.594614988462 118.75236681 192.188394473
44.05 4.00143585542 0.594601721816 118.864443901 192.354127535
44.1 4.00143585542 0.594588485648 118.976518796 192.519862082
44.15 4.00143585542 0.59457528197 119.0885915 192.685598112
44.2 4.00143585542 0.594562112746 119.200662018 192.851335618
44.25 4.00143585542 0.594548979896 119.312730357 193.017074599
44.3 4.00143585542 0.594535885292 119.424796522 193.18281505
44.35 4.00143585542 0.594522830765 119.53686052 193.348556965
44.4 4.00143585542 0.594509818098 119.648922358 193.514300341
44.45 4.00143585542 0.594496849035 119.760982043 193.680045173
44.5 4.00143585542 0.594483925272 119.873039581 193.845791456
44.55 4.00143585542 0.594471048465 119.985094982 194.011539184
44.6 4.00143585542 0.594458220229 120.097148252 194.177288353
44.65 4.00143585542 0.594445442134 120.209199401 194.343038956
44.7 4.00143585542 0.594432715712 120.321248435 194.508790988
44.75 4.00143585542 0.594420042454 120.433295364 194.674544443
44.8 4.00143585542 0.594407423809 120.545340198 194.840299315
44.85 4.00143585542 0.594394861188 120.657382944 195.006055598
44.9 4.00143585542 0.594382355965 120.769423613 195.171813285
44.95 4.00143585542 0.59436990947 120.881462213 195.33757237
45.0 4.00143585542 0.594357523001 120.993498756 195.503332846
45.05 4.00143585542 0.594345197815 121.10553325 195.669094706
45.1 4.00143585542 0.594332935132 121.217565707 195.834857944
45.15 4.00143585542 0.594320736137 121.329596136 196.000622552
45.2 4.00143585542 0.594308601978 121.441624548 196.166388523
45.25 4.00143585542 0.594296533767 121.553650954 196.332155849
45.3 4.00143585542 0.594284532582 121.665675366 196.497924524
45.35 4.00143585542 0.594272599467 121.777697793 196.663694539
45.4 4.00143585542 0.594260735429 121.889718248 196.829465888
45.45 4.00143585542 0.594248941445 122.001736742 196.995238561
45.5 4.00143585542 0.594237218456 122.113753287 197.161012552
45.55 4.00143585542 0.594225567371 122.225767894 197.326787851
45.6 4.00143585542 0.594213989068 122.337780576 197.492564452
45.65 4.00143585542 0.594202484393 122.449791345 197.658342346
45.7 4.00143585542 0.594191054158 122.561800213 197.824121524
45.75 4.00143585542 0.594179699148 122.673807192 197.989901978
45.8 4.00143585542 0.594168420115 122.785812294 198.155683699
45.85 4.00143585542 0.594157217783 122.897815533 198.32146668
45.9 4.00143585542 0.594146092844 123.009816922 198.487250911
45.95 4.00143585542 0.594135045964 123.121816472 198.653036384
