off_on,1
0.0 1.45 0.95
0.05 1.575 1.075
0.05 1.27869337732 0.726285408791
0.1 1.40369337732 0.851285408791
0.1 1.11574144855 0.505333943521
0.15 1.24074144855 0.630333943521
0.15 0.960736783215 0.28740816809
0.2 1.08573678322 0.41240816809
0.2 0.813291778096 0.0727385246317
0.25 0.938291778096 0.197738524632
0.25 0.673037765549 -0.138474297052
0.3 0.798037765549 -0.0134742970515
0.3 0.539624013073 -0.346056811085
0.35 0.664624013073 -0.221056811085
0.35 0.412716928478 -0.54986076732
0.4 0.537716928478 -0.42486076732
0.4 0.291999174535 -0.749760972558
0.45 0.416999174535 -0.624760972558
0.45 0.177168895043 -0.945653444028
0.5 0.302168895043 -0.820653444028
0.5 0.0679389543302 -1.13745362383
0.55 0.19293895433 -1.01245362383
0.55 -0.0359637792574 -1.32509473533
0.6 0.0890362207426 -1.20009473533
0.6 -0.134799117424 -1.50852624641
0.65 -0.00979911742409 -1.38352624641
0.65 -0.228814199 -1.68771245215
0.7 -0.103814199 -1.56271245215
0.7 -0.318244110826 -1.86263113949
0.75 -0.193244110826 -1.73763113949
0.75 -0.40331247438 -2.03327235997
0.8 -0.27831247438 -1.90827235997
0.8 -0.484232004882 -2.19963728647
0.85 -0.359232004882 -2.07463728647
0.85 -0.561205043315 -2.36173715168
0.9 -0.436205043315 -2.23673715168
0.9 -0.634424062363 -2.51959226413
0.95 -0.509424062363 -2.39459226413
0.95 -0.704072147715 -2.67323109617
1.0 -0.579072147715 -2.54823109617
1.0 -0.77032345586 -2.82268943936
1.05 -0.64532345586 -2.69768943936
1.05 -0.833343649579 -2.96800962284
1.1 -0.708343649579 -2.84300962284
1.1 -0.893290312182 -3.10923979047
1.15 -0.768290312182 -2.98423979047
1.15 -0.950313341549 -3.24643323301
1.2 -0.825313341549 -3.12143323301
1.2 -1.00455532496 -3.37964777158
1.25 -0.879555324957 -3.25464777158
1.25 -1.0561518956 -3.50894518903
1.3 -0.931151895604 -3.38394518903
